900.8008 1
901.6016 0.991532509075141
902.4024 0.987767219070611
903.2032 0.982140294737343
904.004 0.971437372546272
904.8048 0.962976849417871
905.6056 0.960455244601892
906.4064 0.955792693360581
907.2072 0.944764657090591
908.008 0.935724581371324
908.8088 0.932329462050884
909.6096 0.927211785119742
910.4104 0.916436512594969
911.2112 0.907519709964356
912.012 0.904371142290591
912.8128 0.899160904632978
913.6136 0.886450686050737
914.4144 0.874433061723664
915.2152 0.864021700682882
916.016 0.851280252500926
916.8168 0.828825293174962
917.6176 0.807195297441522
918.4184 0.785309762848687
919.2192 0.763112942996264
920.02 0.7358439687237
920.8208 0.711771742571976
921.6216 0.695315914247357
922.4224 0.679341824848855
923.2232 0.662792018725078
924.024 0.648294055060258
924.8248 0.641160286955614
925.6256 0.633874072316035
926.4264 0.624995939413223
927.2272 0.617167682480248
928.028 0.614486109377157
928.8288 0.611315521149391
929.6296 0.60480348566379
930.4304 0.599128682205858
931.2312 0.598554956291932
932.032 0.597469446007319
932.8328 0.592442927033823
933.6336 0.587986332994385
934.4344 0.587889094732617
935.2352 0.587365922821171
936.036 0.582956166109562
936.8368 0.578993284971485
937.6376 0.57892078940746
938.4384 0.578527830066433
939.2392 0.574632510845528
940.04 0.571059782733587
940.8408 0.570841478499152
941.6416 0.570373813552222
942.4424 0.566473185047288
943.2432 0.56289301016618
944.044 0.563498872362083
944.8448 0.563861656854217
945.6456 0.559843608111511
946.4464 0.556044232133933
947.2472 0.555655482386112
948.048 0.555116182316794
948.8488 0.55076457214553
949.6496 0.546592922895111
950.4504 0.54597529510877
951.2512 0.545275629342107
952.052 0.541258228875805
952.8528 0.537351382825712
953.6536 0.536399830614286
954.4544 0.535426098848789
955.2552 0.531842551125902
956.056 0.528313376212915
956.8568 0.527335567114366
957.6576 0.526361256788143
958.4584 0.522166361173789
959.2592 0.518024892047154
960.06 0.517374960898337
960.8608 0.516763686178317
961.6616 0.51297227539341
962.4624 0.509180458282662
963.2632 0.508421274421792
964.064 0.507738171298964
964.8648 0.504377587885427
965.6656 0.500980477084725
966.4664 0.500584053343184
967.2672 0.500300320092515
968.068 0.496671997852382
968.8688 0.492947955626161
969.6696 0.492675960994125
970.4704 0.492578910072716
971.2712 0.489234744473252
972.072 0.485748864643404
972.8728 0.485663532528267
973.6736 0.485796924505638
974.4744 0.482756697935433
975.2752 0.479528301974063
976.076 0.479260825080749
976.8768 0.479224996414875
977.6776 0.476026157426801
978.4784 0.472605094359116
979.2792 0.472567480680226
980.08 0.472838319337312
980.8808 0.4699955155254
981.6816 0.466881248446546
982.4824 0.467423726154691
983.2832 0.468327125643137
984.084 0.465947016308602
984.8848 0.463224150060299
985.6856 0.46377208162375
986.4864 0.464714981100349
987.2872 0.462653421348764
988.088 0.460237648270285
988.8888 0.460526250979792
989.6896 0.461173394853109
990.4904 0.459204758945368
991.2912 0.45689203314981
992.092 0.457653668159281
992.8928 0.458871198469108
993.6936 0.457261601865901
994.4944 0.45523673272398
995.2952 0.455615466287732
996.096 0.456379241097033
996.8968 0.454409863841902
997.6976 0.4520108778389
998.4984 0.451751393746271
999.2992 0.451856040128591
1000.1 0.449855338280937
1000.9008 0.44750027968073
1001.7016 0.447477668248312
1002.5024 0.447884342346091
1003.3032 0.445271042223381
1004.104 0.442121959339106
1004.9048 0.441778793310538
1005.7056 0.44198317293602
1006.5064 0.4400342905901
1007.3072 0.437671091500235
1008.108 0.438419408978317
1008.9088 0.439823990717293
1009.7096 0.438312267519993
1010.5104 0.436194836863871
1011.3112 0.436801598774985
1012.112 0.438010995248501
1012.9128 0.436454967647337
1013.7136 0.434291569753057
1014.5144 0.434865729151136
1015.3152 0.436074931514928
1016.116 0.434989838733839
1016.9168 0.433370180443619
1017.7176 0.434120659524858
1018.5184 0.435450108532359
1019.3192 0.434508048911556
1020.12 0.433013967589708
1020.9208 0.434098023311725
1021.7216 0.435845923071099
1022.5224 0.434777326949502
1023.3232 0.432993309702871
1024.124 0.433771864306475
1024.9248 0.435234844518061
1025.7256 0.434101155352982
1026.5264 0.432284639916466
1027.3272 0.432890225029667
1028.128 0.434159647190512
1028.9288 0.433017781043221
1029.7296 0.431224191043004
1030.5304 0.4320464467719
1031.3312 0.433608945691941
1032.132 0.432567092937675
1032.9328 0.430793817267993
1033.7336 0.431415723544474
1034.5344 0.432731803575311
1035.3352 0.431223178650687
1036.136 0.428907679580489
1036.9368 0.429637858070363
1037.7376 0.431275526129559
1038.5384 0.430559543292063
1039.3392 0.42914625735817
1040.14 0.429496708698692
1040.9408 0.430384533455394
1041.7416 0.428942989550461
1042.5424 0.426804702372929
1043.3432 0.427063174857096
1044.144 0.42806411936429
1044.9448 0.426686645204496
1045.7456 0.424582399774613
1046.5464 0.424993444164511
1047.3472 0.426195329524744
1048.148 0.425076930688436
1048.9488 0.423236297707523
1049.7496 0.423359744963048
1050.5504 0.424110211640192
1051.3512 0.422769986604462
1052.152 0.42077532978546
1052.9528 0.420950367074179
1053.7536 0.42182691012243
1054.5544 0.420637996096994
1055.3552 0.418792129402499
1056.156 0.418820955017299
1056.9568 0.419458065628246
1057.7576 0.418032201068841
1058.5584 0.415950850552278
1059.3592 0.415989575635534
1060.16 0.416719730582221
1060.9608 0.415362833999152
1061.7616 0.413337951243691
1062.5624 0.413397730368942
1063.3632 0.414141295682458
1064.164 0.412577604376037
1064.9648 0.410274843596279
1065.7656 0.410114918746015
1066.5664 0.410659274999185
1067.3672 0.409126345426839
1068.168 0.406869680124838
1068.9688 0.406783396937222
1069.7696 0.407412843094615
1070.5704 0.405885936706766
1071.3712 0.403669787017081
1072.172 0.403394525375022
1072.9728 0.403750623609836
1073.7736 0.401897706227227
1074.5744 0.399351353332855
1075.3752 0.398961743929012
1076.176 0.39926672141604
1076.9768 0.397272120430093
1077.7776 0.394564710823372
1078.5784 0.393884560164776
1079.3792 0.39385013339243
1080.18 0.391863101973298
1080.9808 0.389278316295624
1081.7816 0.388827793477197
1082.5824 0.389048276900218
1083.3832 0.386968978036669
1084.184 0.384196453476995
1084.9848 0.383730977486232
1085.7856 0.383979473263131
1086.5864 0.382253370754334
1087.3872 0.379936083756692
1088.188 0.379540004557373
1088.9888 0.379730389952165
1089.7896 0.377825950474458
1090.5904 0.375311998403657
1091.3912 0.374987333130848
1092.192 0.375316331330511
1092.9928 0.373681337714769
1093.7936 0.371483317594869
1094.5944 0.371123248108518
1095.3952 0.371295937452855
1096.196 0.369626731272863
1096.9968 0.367447030656645
1097.7976 0.367185641484016
1098.5984 0.367468201122805
1099.3992 0.365564947752404
1100.2 0.363077950200636
1101.0008 0.362673859004609
1101.8016 0.362837034308071
1102.6024 0.361557601329298
1103.4032 0.359898819082742
1104.204 0.359634914975684
1105.0048 0.3597403641578
1105.8056 0.358071524341578
1106.6064 0.355904005706313
1107.4072 0.35577769620575
1108.208 0.356174137709407
1109.0088 0.354703147673884
1109.8096 0.352783832124444
1110.6104 0.352681615010076
1111.4112 0.3530207900657
1112.212 0.351441380766156
1113.0128 0.349426032067343
1113.8136 0.349199439093808
1114.6144 0.349385354624712
1115.4152 0.348040222877999
1116.216 0.346363110101461
1117.0168 0.346674068104231
1117.8176 0.347421340483535
1118.6184 0.345813618858934
1119.4192 0.343727281118465
1120.22 0.343845577538048
1121.0208 0.344416090446375
1121.8216 0.342931670799789
1122.6224 0.341055292160599
1123.4232 0.340932345853352
1124.224 0.341145117875198
1125.0248 0.33984408024021
1125.8256 0.338275698172857
1126.6264 0.33843700677554
1127.4272 0.33890659177471
1128.228 0.337767509333308
1129.0288 0.336363933367325
1129.8296 0.336530951703433
1130.6304 0.3369533205581
1131.4312 0.335397046336754
1132.232 0.333551814598148
1133.0328 0.333988509370555
1133.8336 0.334763203836646
1134.6344 0.333741292491928
1135.4352 0.332476119206491
1136.236 0.332814055332395
1137.0368 0.333365359874613
1137.8376 0.33163301581386
1138.6384 0.329639848051945
1139.4392 0.329866857061842
1140.24 0.330351718874561
1141.0408 0.329217244403468
1141.8416 0.327917215048
1142.6424 0.328443036300967
1143.4432 0.329155598766688
1144.244 0.328275706816601
1145.0448 0.32725664071569
1145.8456 0.328007738557992
1146.6464 0.328909736904069
1147.4472 0.327532254992597
1148.248 0.325998091750355
1149.0488 0.326513169536912
1149.8496 0.327166270712705
1150.6504 0.326146074902135
1151.4512 0.325036996709479
1152.252 0.325652012796225
1153.0528 0.326355005560657
1153.8536 0.325320850514783
1154.6544 0.32422322807164
1155.4552 0.325114813973843
1156.256 0.326074852696849
1157.0568 0.324886613622045
1157.8576 0.32365792280518
1158.6584 0.32458672657191
1159.4592 0.325552209583198
1160.26 0.324530352579208
1161.0608 0.323510297716906
1161.8616 0.324305981459705
1162.6624 0.325080593776657
1163.4632 0.323777893406157
1164.264 0.322530451153034
1165.0648 0.323373823974846
1165.8656 0.324168387632464
1166.6664 0.323287431484139
1167.4672 0.322471654864373
1168.268 0.323105241377401
1169.0688 0.323660947055741
1169.8696 0.32268766819509
1170.6704 0.321824238682268
1171.4712 0.322620479282485
1172.272 0.323297741661871
1173.0728 0.322314733142351
1173.8736 0.321498126668285
1174.6744 0.322546870866566
1175.4752 0.32343875438557
1176.276 0.322640170227597
1177.0768 0.32202577568368
1177.8776 0.323251509725565
1178.6784 0.32429857042044
1179.4792 0.323829901760815
1180.28 0.323603034149776
1181.0808 0.325125633118644
1181.8816 0.326358324535586
1182.6824 0.325591645102409
1183.4832 0.325074469076693
1184.284 0.326040519423125
1185.0848 0.326653592927647
1185.8856 0.325314227306424
1186.6864 0.324388588257217
1187.4872 0.32550666705418
1188.288 0.326089937975538
1189.0888 0.324174221673025
1189.8896 0.322661257306754
1190.6904 0.322790906894864
1191.4912 0.322478584040162
1192.292 0.320432064616338
1193.0928 0.31889115040197
1193.8936 0.319134031907084
1194.6944 0.31889753468435
1195.4952 0.317039314555908
1196.296 0.315638875210187
1197.0968 0.315642443873194
1197.8976 0.315294051883747
1198.6984 0.313909302973397
1199.4992 0.31318612696914
1200.3 0.314273931981158
1201.1008 0.314743436243738
1201.9016 0.313587259568576
1202.7024 0.31288880109846
1203.5032 0.313528935195458
1204.304 0.313616711937687
1205.1048 0.312444079420384
1205.9056 0.311790723689759
1206.7064 0.31223846992577
1207.5072 0.312060911907352
1208.308 0.310634018925543
1209.1088 0.309895699687861
1209.9096 0.310443871979659
1210.7104 0.310404649118124
1211.5112 0.309323628583447
1212.312 0.308984076088781
1213.1128 0.309876820431816
1213.9136 0.310011774226201
1214.7144 0.308954618812552
1215.5152 0.308671290058016
1216.316 0.309521410966852
1217.1168 0.309436992129838
1217.9176 0.308061262454568
1218.7184 0.307465884366314
1219.5192 0.307873261708444
1220.32 0.307451894173386
1221.1208 0.306029829879458
1221.9216 0.305605839819825
1222.7224 0.306319634172884
1223.5232 0.306068474213616
1224.324 0.304781731281735
1225.1248 0.304628001132025
1225.9256 0.305618490120167
1226.7264 0.305532051173614
1227.5272 0.304427971970577
1228.328 0.304232544745827
1229.1288 0.304841089653027
1229.9296 0.304376147815272
1230.7304 0.303028101024804
1231.5312 0.302562721197622
1232.332 0.302774527690409
1233.1328 0.30223688841751
1233.9336 0.301163278028683
1234.7344 0.301148823161574
1235.5352 0.301846909352032
1236.336 0.301252484548591
1237.1368 0.299855852160427
1237.9376 0.29980745828623
1238.7384 0.300539465301162
1239.5392 0.299998915970373
1240.34 0.298782500327271
1241.1408 0.298924959460717
1241.9416 0.299743511027399
1242.7424 0.299117561834064
1243.5432 0.297828852741188
1244.344 0.297753550239687
1245.1448 0.298186713215517
1245.9456 0.297119502016432
1246.7464 0.295494046198329
1247.5472 0.295423445100907
1248.348 0.295890318001297
1249.1488 0.294818597697879
1249.9496 0.293278147216065
1250.7504 0.293105959881044
1251.5512 0.293314315850442
1252.352 0.292188063452116
1253.1528 0.290741046438771
1253.9536 0.290800450396121
1254.7544 0.291189223676119
1255.5552 0.28996466263112
1256.356 0.288445046227958
1257.1568 0.288562373021558
1257.9576 0.288944713672167
1258.7584 0.287537107061189
1259.5592 0.285900847762583
1260.36 0.286367457461043
1261.1608 0.287068523922872
1261.9616 0.286046740499593
1262.7624 0.284885592895875
1263.5632 0.285111327532813
1264.364 0.28542263698589
1265.1648 0.284057635627565
1265.9656 0.282642277292831
1266.7664 0.282949967596036
1267.5672 0.28326012917649
1268.368 0.281941361010178
1269.1688 0.280690827593341
1269.9696 0.281399867092643
1270.7704 0.282002854923854
1271.5712 0.280553817111335
1272.372 0.279257225123749
1273.1728 0.279748963726797
1273.9736 0.280049990633085
1274.7744 0.278519292850872
1275.5752 0.277216638693415
1276.376 0.277518702880538
1277.1768 0.277560661941121
1277.9776 0.27602620649006
1278.7784 0.2748634659431
1279.5792 0.275523195927809
1280.38 0.275808418125808
1281.1808 0.274464785621592
1281.9816 0.273491549365317
1282.7824 0.27386796223296
1283.5832 0.273893511424054
1284.384 0.272772629758349
1285.1848 0.272093219700897
1285.9856 0.27266231086453
1286.7864 0.272570025341715
1287.5872 0.270810318005002
1288.388 0.269720178935606
1289.1888 0.27010006625723
1289.9896 0.269909225342499
1290.7904 0.268575940969327
1291.5912 0.267880129973682
1292.392 0.268321591516695
1293.1928 0.268100729204021
1293.9936 0.266786167501649
1294.7944 0.266282015014172
1295.5952 0.266943485605736
1296.396 0.266681659599376
1297.1968 0.265220785051656
1297.9976 0.264636032110142
1298.7984 0.265070470307306
1299.5992 0.264588093627832
1300.4 0.263142028337172
1301.2008 0.262918008426722
1302.0016 0.263859584306939
1302.8024 0.263469590188513
1303.6032 0.261943049697233
1304.404 0.261516559888659
1305.2048 0.261929951469821
1306.0056 0.261309504164751
1306.8064 0.259984640925247
1307.6072 0.259719692663148
1308.408 0.26010370943204
1309.2088 0.259470661747046
1310.0096 0.258286824864102
1310.8104 0.258280523848763
1311.6112 0.258843190854663
1312.412 0.25813268954886
1313.2128 0.256890295659167
1314.0136 0.256964000065833
1314.8144 0.25752340725023
1315.6152 0.256712775093405
1316.416 0.255474800086402
1317.2168 0.25571577836511
1318.0176 0.256358968500155
1318.8184 0.255437601244453
1319.6192 0.254173593925104
1320.42 0.254413196883423
1321.2208 0.254903521790429
1322.0216 0.253870681243716
1322.8224 0.252628586611685
1323.6232 0.252979246034805
1324.424 0.253501944906709
1325.2248 0.252802268902516
1326.0256 0.252019864412133
1326.8264 0.252344382112108
1327.6272 0.252711982642305
1328.428 0.251362756170328
1329.2288 0.250060238690699
1330.0296 0.250458045718027
1330.8304 0.250768678510438
1331.6312 0.249584731393442
1332.432 0.248549576520628
1333.2328 0.248993971054415
1334.0336 0.24923178761135
1334.8344 0.247908177161636
1335.6352 0.246936437957243
1336.436 0.247912540087705
1337.2368 0.248507467746664
1338.0376 0.247348281685074
1338.8384 0.246593034726891
1339.6392 0.247302057120339
1340.44 0.247566440308409
1341.2408 0.246453728456992
1342.0416 0.245835414127814
1342.8424 0.246482968389741
1343.6432 0.246597902918307
1344.444 0.245526569761344
1345.2448 0.245069183437579
1346.0456 0.24577598369922
1346.8464 0.245973610960908
1347.6472 0.245324002910105
1348.448 0.245339339237609
1349.2488 0.246307037702899
1350.0496 0.246400151184705
1350.8504 0.245400232902965
1351.6512 0.24531676088545
1352.452 0.246230750513854
1353.2528 0.24641815217582
1354.0536 0.245912231826564
1354.8544 0.246587177221803
1355.6552 0.248255004228267
1356.456 0.248560679702644
1357.2568 0.247879017187763
1358.0576 0.247814928103565
1358.8584 0.248134290807326
1359.6592 0.247918973361068
1360.46 0.247419484637051
1361.2608 0.248764302998142
1362.0616 0.250980204096935
1362.8624 0.251595581515348
1363.6632 0.251590909029203
1364.464 0.251079897012234
1365.2648 0.250410715911344
1366.0656 0.249126225291337
1366.8664 0.247696374117979
1367.6672 0.248096847746094
1368.468 0.248866264039488
1369.2688 0.248605806045928
1370.0696 0.248192512854958
1370.8704 0.248846785209214
1371.6712 0.249615649100162
1372.472 0.248577511094579
1373.2728 0.247441129333706
1374.0736 0.24697540304875
1374.8744 0.246511967308768
1375.6752 0.245488076362361
1376.476 0.244606509089021
1377.2768 0.245883048663762
1378.0776 0.247086440892066
1378.8784 0.24747522125211
1379.6792 0.248204219511336
1380.48 0.251125194698028
1381.2808 0.253822349362429
1382.0816 0.255153220432251
1382.8824 0.256568817153175
1383.6832 0.258254728963339
1384.484 0.25897331481053
1385.2848 0.256810279254151
1386.0856 0.255058094761988
1386.8864 0.254231019667028
1387.6872 0.253336937202761
1388.488 0.252307668571354
1389.2888 0.251692617758165
1390.0896 0.251762544773497
1390.8904 0.251061797055543
1391.6912 0.249288404295417
1392.492 0.249114161246324
1393.2928 0.250852555668796
1394.0936 0.251371765819647
1394.8944 0.250639710226769
1395.6952 0.251169655640167
1396.496 0.252799924909128
1397.2968 0.252750311386354
1398.0976 0.251479831918259
1398.8984 0.250672131606472
1399.6992 0.250142353076505
1400.5 0.250206586082081
1401.3008 0.250570905597912
1402.1016 0.250866352254186
1402.9024 0.251133751935722
1403.7032 0.249611406374409
1404.504 0.247520648038177
1405.3048 0.248389836734826
1406.1056 0.250052485454512
1406.9064 0.249590164436787
1407.7072 0.248711619210036
1408.508 0.248631395536755
1409.3088 0.248659744645505
1410.1096 0.247738504902693
1410.9104 0.246745517640691
1411.7112 0.246845050708175
1412.512 0.246963372491257
1413.3128 0.245864348402552
1414.1136 0.244908406611838
1414.9144 0.24617088754142
1415.7152 0.247166451028012
1416.516 0.245697930087366
1417.3168 0.244480905566473
1418.1176 0.244634503632105
1418.9184 0.244602080268706
1419.7192 0.243795717987044
1420.52 0.243400810886113
1421.3208 0.244307896449673
1422.1216 0.244668257941413
1422.9224 0.243652004348299
1423.7232 0.243324556342547
1424.524 0.24437920600262
1425.3248 0.244647333797221
1426.1256 0.243616518240543
1426.9264 0.243377419608597
1427.7272 0.244203263318011
1428.528 0.244203629501
1429.3288 0.24328625344683
1430.1296 0.24337791847336
1430.9304 0.244401352625856
1431.7312 0.244400939417233
1432.532 0.243622986503412
1433.3328 0.243942388661497
1434.1336 0.244948205458842
1434.9344 0.244433836420856
1435.7352 0.243161761433849
1436.536 0.243266247641278
1437.3368 0.243920265783353
1438.1376 0.24316495791678
1438.9384 0.241983080065473
1439.7392 0.24232850776907
1440.54 0.242994702994037
1441.3408 0.242060203612522
1442.1416 0.240879815370733
1442.9424 0.241467259569283
1443.7432 0.242229439815602
1444.544 0.24149369251562
1445.3448 0.240730829485952
1446.1456 0.241797959430096
1446.9464 0.242739275076021
1447.7472 0.241700402816438
1448.548 0.240856090897047
1449.3488 0.241440755256089
1450.1496 0.241780528875348
1450.9504 0.240886799566824
1451.7512 0.240292012873957
1452.552 0.240748389655536
1453.3528 0.240782131179328
1454.1536 0.239679873751907
1454.9544 0.23913754318038
1455.7552 0.239750410280559
1456.556 0.239676409691726
1457.3568 0.238465628223454
1458.1576 0.237980955947199
1458.9584 0.238452219515236
1459.7592 0.238506917815304
1460.56 0.238113483079554
1461.3608 0.238337800830448
1462.1616 0.239098777920577
1462.9624 0.238825316982465
1463.7632 0.237836145100309
1464.564 0.237974654276624
1465.3648 0.238754491936938
1466.1656 0.238291220122576
1466.9664 0.237260831335898
1467.7672 0.237520632688797
1468.568 0.238204334892169
1469.3688 0.237774966161907
1470.1696 0.237085796601053
1470.9704 0.237975593761668
1471.7712 0.23912294884146
1472.572 0.238731135109722
1473.3728 0.238208268741424
1474.1736 0.239099451822757
1474.9744 0.239962553895221
1475.7752 0.238824935174181
1476.576 0.237839931196498
1477.3768 0.238304948976505
1478.1776 0.238544656615129
1478.9784 0.237474234238923
1479.7792 0.236630675678424
1480.58 0.236643206414831
1481.3808 0.236173632292731
1482.1816 0.234359099761326
1482.9824 0.233203988379549
1483.7832 0.233409035806428
1484.584 0.233221093281688
1485.3848 0.232388446527256
1486.1856 0.232189896165202
1486.9864 0.232805767876261
1487.7872 0.232586391470908
1488.588 0.231519327359309
1489.3888 0.231354887371885
1490.1896 0.231912481716559
1490.9904 0.231522184514601
1491.7912 0.230540727228906
1492.592 0.230521546354134
1493.3928 0.230968027594032
1494.1936 0.230295942721836
1494.9944 0.22922593986518
1495.7952 0.229374921840286
1496.596 0.229838859476798
1497.3968 0.228968261547569
1498.1976 0.227880420996239
1498.9984 0.228681070177543
1499.7992 0.229690008417723
1500.6 0.229349927318043
1501.4008 0.229039437124483
1502.2016 0.230116906517829
1503.0024 0.231011592849255
1503.8032 0.230207216360745
1504.604 0.229707889104983
1505.4048 0.230745353888297
1506.2056 0.231371921327824
1507.0064 0.230572946639058
1507.8072 0.230341531048181
1508.608 0.231494111219344
1509.4088 0.231924707860429
1510.2096 0.231021123360838
1511.0104 0.23078075789081
1511.8112 0.231459770809799
1512.612 0.231359285948469
1513.4128 0.23042010266444
1514.2136 0.230471472567982
1515.0144 0.231348920177071
1515.8152 0.231211433568391
1516.616 0.230429401987255
1517.4168 0.230745533201256
1518.2176 0.231592710843031
1519.0184 0.231062621691704
1519.8192 0.23005774192091
1520.62 0.230693891323936
1521.4208 0.231730092395502
1522.2216 0.231068118210066
1523.0224 0.230163896843023
1523.8232 0.230821257290685
1524.624 0.231571688046408
1525.4248 0.230653230698073
1526.2256 0.22986638460291
1527.0264 0.230661686285671
1527.8272 0.231214794056398
1528.628 0.230256473807127
1529.4288 0.229725096312018
1530.2296 0.230793921515771
1531.0304 0.231317019418436
1531.8312 0.230395122950501
1532.632 0.23000454955429
1533.4328 0.230575062908112
1534.2336 0.230441941993393
1535.0344 0.229312494383064
1535.8352 0.229057233810171
1536.636 0.229734977663583
1537.4368 0.22952798587638
1538.2376 0.228605001860082
1539.0384 0.228617697567897
1539.8392 0.229200605782752
1540.64 0.228755735971053
1541.4408 0.227857420085143
1542.2416 0.22800361940771
1543.0424 0.228475531392834
1543.8432 0.227624970860066
1544.644 0.226517871319537
1545.4448 0.226900411334342
1546.2456 0.227443199168429
1547.0464 0.22645105229312
1547.8472 0.225522413881638
1548.648 0.226436925484112
1549.4488 0.227148821860903
1550.2496 0.226314973785023
1551.0504 0.225762109179801
1551.8512 0.226377235637873
1552.652 0.226550438306182
1553.4528 0.225494132684118
1554.2536 0.225072402256293
1555.0544 0.225883416400684
1555.8552 0.226064605404832
1556.656 0.225396967908828
1557.4568 0.225440445755201
1558.2576 0.226237243361338
1559.0584 0.226119397621401
1559.8592 0.225285545266087
1560.66 0.225383424880257
1561.4608 0.22601784125317
1562.2616 0.225598044085021
1563.0624 0.224752910131673
1563.8632 0.225180525023232
1564.664 0.225960828632283
1565.4648 0.225432749871094
1566.2656 0.224696482228325
1567.0664 0.225588022583743
1567.8672 0.22657138008143
1568.668 0.2257228011479
1569.4688 0.225060141267384
1570.2696 0.226221745299832
1571.0704 0.227102781322728
1571.8712 0.226527803688055
1572.672 0.226362537911138
1573.4728 0.227465388615575
1574.2736 0.227852649765697
1575.0744 0.22672208683487
1575.8752 0.226409532525274
1576.676 0.227314392692217
1577.4768 0.227508483482105
1578.2776 0.226923939715441
1579.0784 0.22727121356677
1579.8792 0.22836351325122
1580.68 0.22842964756595
1581.4808 0.227909777352121
1582.2816 0.228381940677787
1583.0824 0.229251548377308
1583.8832 0.228864614989611
1584.684 0.228158764684435
1585.4848 0.228819516281529
1586.2856 0.229678304787243
1587.0864 0.229368942258478
1587.8872 0.229047721990536
1588.688 0.230024395673837
1589.4888 0.230823236731012
1590.2896 0.230256799696486
1591.0904 0.229979887634412
1591.8912 0.230841306865033
1592.692 0.231329687741985
1593.4928 0.230863023714285
1594.2936 0.231042473488092
1595.0944 0.232343235712271
1595.8952 0.232753910658486
1596.696 0.232060664214277
1597.4968 0.232296504066837
1598.2976 0.233354191171941
1599.0984 0.233162563037013
1599.8992 0.232196049786859
1600.7 0
1601.5008 0
1602.3016 0
1603.1024 0
1603.9032 0
1604.704 0
1605.5048 0
1606.3056 0
1607.1064 0
1607.9072 0
1608.708 0
1609.5088 0
1610.3096 0
1611.1104 0
1611.9112 0
1612.712 0
1613.5128 0
1614.3136 0
1615.1144 0
1615.9152 0
1616.716 0
1617.5168 0
1618.3176 0
1619.1184 0
1619.9192 0
1620.72 0
1621.5208 0
1622.3216 0
1623.1224 0
1623.9232 0
1624.724 0
1625.5248 0
1626.3256 0
1627.1264 0
1627.9272 0
1628.728 0
1629.5288 0
1630.3296 0
1631.1304 0
1631.9312 0
1632.732 0
1633.5328 0
1634.3336 0
1635.1344 0
1635.9352 0
1636.736 0
1637.5368 0
1638.3376 0
1639.1384 0
1639.9392 0
1640.74 0
1641.5408 0
1642.3416 0
1643.1424 0
1643.9432 0
1644.744 0
1645.5448 0
1646.3456 0
1647.1464 0
1647.9472 0
1648.748 0
1649.5488 0
1650.3496 0
1651.1504 0
1651.9512 0
1652.752 0
1653.5528 0
1654.3536 0
1655.1544 0
1655.9552 0
1656.756 0
1657.5568 0
1658.3576 0
1659.1584 0
1659.9592 0
1660.76 0
1661.5608 0
1662.3616 0
1663.1624 0
1663.9632 0
1664.764 0
1665.5648 0
1666.3656 0
1667.1664 0
1667.9672 0
1668.768 0
1669.5688 0
1670.3696 0
1671.1704 0
1671.9712 0
1672.772 0
1673.5728 0
1674.3736 0
1675.1744 0
1675.9752 0
1676.776 0
1677.5768 0
1678.3776 0
1679.1784 0
1679.9792 0
1680.78 0
1681.5808 0
1682.3816 0
1683.1824 0
1683.9832 0
1684.784 0
1685.5848 0
1686.3856 0
1687.1864 0
1687.9872 0
1688.788 0
1689.5888 0
1690.3896 0
1691.1904 0
1691.9912 0
1692.792 0
1693.5928 0
1694.3936 0
1695.1944 0
1695.9952 0
1696.796 0
1697.5968 0
1698.3976 0
1699.1984 0
1699.9992 0
1700.8 0
 0