350.7007 0
351.4014 0
352.1021 0
352.8028 0
353.5035 0
354.2042 0
354.9049 0
355.6056 0
356.3063 0
357.007 0
357.7077 0
358.4084 0
359.1091 0
359.8098 0
360.5105 0
361.2112 0
361.9119 0
362.6126 0
363.3133 0
364.014 0
364.7147 0
365.4154 0
366.1161 0
366.8168 0
367.5175 0
368.2182 0
368.9189 0
369.6196 0
370.3203 0
371.021 0
371.7217 0
372.4224 0
373.1231 0
373.8238 0
374.5245 0
375.2252 0
375.9259 0
376.6266 0
377.3273 0
378.028 0
378.7287 0
379.4294 0
380.1301 0
380.8308 0
381.5315 0
382.2322 0
382.9329 0
383.6336 0
384.3343 0
385.035 0
385.7357 0
386.4364 0
387.1371 0
387.8378 0
388.5385 0
389.2392 0
389.9399 0
390.6406 0
391.3413 0
392.042 0
392.7427 0
393.4434 0
394.1441 0
394.8448 0
395.5455 0
396.2462 0
396.9469 0
397.6476 0
398.3483 0
399.049 0
399.7497 0
400.4504 0
401.1511 0
401.8518 0
402.5525 0
403.2532 0
403.9539 0
404.6546 0
405.3553 0
406.056 0
406.7567 0
407.4574 0
408.1581 0
408.8588 0
409.5595 0
410.2602 0
410.9609 0
411.6616 0
412.3623 0
413.063 0
413.7637 0
414.4644 0
415.1651 0
415.8658 0
416.5665 0
417.2672 0
417.9679 0
418.6686 0
419.3693 0
420.07 0
420.7707 1
421.4714 0.98888285846438
422.1721 0.979367323884416
422.8728 0.995282075170836
423.5735 0.970608962497076
424.2742 0.952496140208173
424.9749 0.96034656252813
425.6756 0.966558524104996
426.3763 0.935155834444327
427.077 0.934745218470934
427.7777 0.909719678116859
428.4784 0.922833815179163
429.1791 0.908781196688437
429.8798 0.905455880708164
430.5805 0.91185024787577
431.2812 0.919197031258128
431.9819 0.914989626957226
432.6826 0.907233211153287
433.3833 0.893837411935439
434.084 0.908839139626207
434.7847 0.903449600508556
435.4854 0.892081152074003
436.1861 0.903016289034163
436.8868 0.923459098355785
437.5875 0.910491187819796
438.2882 0.906434809733396
438.9889 0.900234614432449
439.6896 0.916804030385887
440.3903 0.89487785536421
441.091 0.910467447517993
441.7917 0.913683820657312
442.4924 0.900854080928222
443.1931 0.891017049744442
443.8938 0.884650832937551
444.5945 0.884143691067366
445.2952 0.869139223129707
445.9959 0.865864039574009
446.6966 0.860891475846778
447.3973 0.852584229599142
448.098 0.844587411766178
448.7987 0.836099859079769
449.4994 0.826251922581161
450.2001 0.82263591182114
450.9008 0.811960426665986
451.6015 0.800951985678986
452.3022 0.799289968442928
453.0029 0.790060682102425
453.7036 0.783141029120657
454.4043 0.789529846288223
455.105 0.766917216013873
455.8057 0.76595959562896
456.5064 0.76525111706523
457.2071 0.753129950096482
457.9078 0.738990583986657
458.6085 0.729345546385634
459.3092 0.731443013983923
460.0099 0.721382076483753
460.7106 0.718142677024915
461.4113 0.713191097872207
462.112 0.705353697882453
462.8127 0.695952740302478
463.5134 0.685307785064944
464.2141 0.681452369612892
464.9148 0.67997710812253
465.6155 0.684011979632205
466.3162 0.689081820903601
467.0169 0.684926312777546
467.7176 0.699340713197589
468.4183 0.69109990338264
469.119 0.700960447836669
469.8197 0.70114493492895
470.5204 0.698266129667321
471.2211 0.706174101811306
471.9218 0.711721113856527
472.6225 0.707323187679283
473.3232 0.708197538660038
474.0239 0.711051509454271
474.7246 0.705682888826648
475.4253 0.69726165077672
476.126 0.684208801341406
476.8267 0.686763698732022
477.5274 0.68368700793578
478.2281 0.673009664545834
478.9288 0.67035144413694
479.6295 0.67201956358064
480.3302 0.664720029756725
481.0309 0.660074525727922
481.7316 0.649360739028628
482.4323 0.648470859932939
483.133 0.644756632066332
483.8337 0.63943827143489
484.5344 0.63412871408503
485.2351 0.63625147004878
485.9358 0.628104689415376
486.6365 0.625575001803849
487.3372 0.621584185211773
488.0379 0.619331795580912
488.7386 0.613002752498035
489.4393 0.61260782701884
490.14 0.606107825533162
490.8407 0.601558671538166
491.5414 0.592527861138986
492.2421 0.591511114396989
492.9428 0.58528616092531
493.6435 0.584087869324893
494.3442 0.583578830881435
495.0449 0.583198273584348
495.7456 0.576269523345154
496.4463 0.577114650507901
497.147 0.570080424251271
497.8477 0.570895369509125
498.5484 0.565659917623372
499.2491 0.560727487959577
499.9498 0.562246724272971
500.6505 0.557113835248854
501.3512 0.556502405893354
502.0519 0.552086891170639
502.7526 0.548931543001052
503.4533 0.546120223813304
504.154 0.542374702533284
504.8547 0.542193237972919
505.5554 0.537772261237737
506.2561 0.533781611851507
506.9568 0.529236951198751
507.6575 0.529563099075605
508.3582 0.528547042554786
509.0589 0.526931475202638
509.7596 0.522355710169392
510.4603 0.516977020965204
511.161 0.513525707370303
511.8617 0.516582897009479
512.5624 0.514023870442356
513.2631 0.511705827564547
513.9638 0.512316895886881
514.6645 0.514127279410215
515.3652 0.507509947331198
516.0659 0.509373871850747
516.7666 0.506473009920491
517.4673 0.504499748592157
518.168 0.501527008679679
518.8687 0.506108318945593
519.5694 0.502818453550238
520.2701 0.499688087158973
520.9708 0.50062753019298
521.6715 0.499693222547093
522.3722 0.497523051675344
523.0729 0.496228204701072
523.7736 0.49615784542457
524.4743 0.498320121427265
525.175 0.49212366623688
525.8757 0.495680500513505
526.5764 0.49588169313832
527.2771 0.495863982115724
527.9778 0.494304007551616
528.6785 0.495591745902771
529.3792 0.495827245898039
530.0799 0.490577435181002
530.7806 0.495636873785276
531.4813 0.492931764293754
532.182 0.495877831917169
532.8827 0.496270003097812
533.5834 0.492989037766655
534.2841 0.496418035138443
534.9848 0.495397983361593
535.6855 0.494119739035206
536.3862 0.489457992160543
537.0869 0.489597748792089
537.7876 0.488966701215495
538.4883 0.482511064172525
539.189 0.478715019416589
539.8897 0.480901317859359
540.5904 0.480281451133571
541.2911 0.479229487813569
541.9918 0.47630717837273
542.6925 0.473591928288385
543.3932 0.473640698890506
544.0939 0.471874120517677
544.7946 0.469217724700602
545.4953 0.47045783536796
546.196 0.462961012345545
546.8967 0.465183168048702
547.5974 0.462137513922844
548.2981 0.461667877653708
548.9988 0.458875181404576
549.6995 0.458724485164743
550.4002 0.456196554242199
551.1009 0.453536033017582
551.8016 0.452210502734663
552.5023 0.45225837839074
553.203 0.449221467587687
553.9037 0.448229379299927
554.6044 0.447189864699865
555.3051 0.446571658927348
556.0058 0.44416705045939
556.7065 0.444186634956018
557.4072 0.4426160684381
558.1079 0.440149959400656
558.8086 0.438703374251992
559.5093 0.438154606873716
560.21 0.439183174268239
560.9107 0.436020945682712
561.6114 0.433603304269584
562.3121 0.431846510295795
563.0128 0.429204358599368
563.7135 0.430371059476736
564.4142 0.428713349387619
565.1149 0.427782525221743
565.8156 0.427128161839403
566.5163 0.425610089440959
567.217 0.423463946715465
567.9177 0.42360372971623
568.6184 0.421456242565677
569.3191 0.421306370976764
570.0198 0.421029917275622
570.7205 0.420036849635958
571.4212 0.422742204778082
572.1219 0.418778174019565
572.8226 0.417982825646812
573.5233 0.417571095437999
574.224 0.416419478387462
574.9247 0.415749962649878
575.6254 0.416646813172534
576.3261 0.414427519205077
577.0268 0.414124607870162
577.7275 0.4136106157297
578.4282 0.412529018182728
579.1289 0.413431982590922
579.8296 0.409710974412785
580.5303 0.412004038546632
581.231 0.413193779937674
581.9317 0.412114994999253
582.6324 0.411115223330366
583.3331 0.412444154688356
584.0338 0.413205451143632
584.7345 0.413320110066617
585.4352 0.413103936798963
586.1359 0.414164681797518
586.8366 0.412912983486026
587.5373 0.414048884414248
588.238 0.413730878971002
588.9387 0.41159775688722
589.6394 0.413530359008075
590.3401 0.411929971210083
591.0408 0.411179810090913
591.7415 0.410713231692933
592.4422 0.409324582322264
593.1429 0.409194454553697
593.8436 0.411226139437014
594.5443 0.408193962608013
595.245 0.408037215561442
595.9457 0.408674429715121
596.6464 0.406973604946841
597.3471 0.405388446092305
598.0478 0.404427327764644
598.7485 0.402670598202466
599.4492 0.403874997423211
600.1499 0.403642426965584
600.8506 0.403071224872585
601.5513 0.403035200869409
602.252 0.403087430773937
602.9527 0.402241887188747
603.6534 0.401161495828334
604.3541 0.400570440317112
605.0548 0.40305051089565
605.7555 0.401015878444276
606.4562 0.401964230196734
607.1569 0.404066419974769
607.8576 0.401447391001881
608.5583 0.400774856142505
609.259 0.401491513228968
609.9597 0.401143273266212
610.6604 0.402728115204432
611.3611 0.401528700366684
612.0618 0.401022243259949
612.7625 0.400523871919884
613.4632 0.401278320075588
614.1639 0.399792673661993
614.8646 0.399004850811767
615.5653 0.399677280640649
616.266 0.399178484989431
616.9667 0.40044504778465
617.6674 0.398622202969302
618.3681 0.398682455547849
619.0688 0.397277591499903
619.7695 0.398087674382106
620.4702 0.396420184115
621.1709 0.395660873338895
621.8716 0.396135848358959
622.5723 0.395705036817321
623.273 0.395996478238771
623.9737 0.39631707746641
624.6744 0.395444508516512
625.3751 0.394607295694318
626.0758 0.393490311433426
626.7765 0.394038588182856
627.4772 0.393320902486433
628.1779 0.395165465773597
628.8786 0.392763498089311
629.5793 0.391792172483769
630.28 0.395636710789917
630.9807 0.392649704319131
631.6814 0.393216019911784
632.3821 0.392885748301593
633.0828 0.394503625546472
633.7835 0.395609118563533
634.4842 0.392794139921394
635.1849 0.396310050880027
635.8856 0.39464381719917
636.5863 0.394111098202344
637.287 0.392063249658235
637.9877 0.392782429283226
638.6884 0.395324859851389
639.3891 0.391858045984381
640.0898 0.393986907398767
640.7905 0.394197967250895
641.4912 0.392825021048184
642.1919 0.394007663469633
642.8926 0.394504686057858
643.5933 0.391574546541466
644.294 0.391424787084029
644.9947 0.392139578607138
645.6954 0.393019262731374
646.3961 0.391868340254141
647.0968 0.392582380981775
647.7975 0.390889860529445
648.4982 0.391289333946219
649.1989 0.389924291537208
649.8996 0.390243727911155
650.6003 0.390462106803098
651.301 0.391178314198317
652.0017 0.390146946277763
652.7024 0.390272690947826
653.4031 0.391103879339294
654.1038 0.389372603285182
654.8045 0.389763590776587
655.5052 0.390757812004426
656.2059 0.390027680792581
656.9066 0.390410945100524
657.6073 0.39018633238887
658.308 0.389938437567368
659.0087 0.38860682939263
659.7094 0.389165151957282
660.4101 0.388324068548988
661.1108 0.387996516636853
661.8115 0.388342860820629
662.5122 0.388285236436811
663.2129 0.389066135633834
663.9136 0.387246836618177
664.6143 0.387320975640842
665.315 0.387705569960737
666.0157 0.389171594990557
666.7164 0.389378218388834
667.4171 0.388558959448549
668.1178 0.386774943778126
668.8185 0.387124289509922
669.5192 0.386794453477606
670.2199 0.388253482505073
670.9206 0.386971507599454
671.6213 0.388222502114099
672.322 0.387568357076838
673.0227 0.38677223057845
673.7234 0.38808517255207
674.4241 0.386560515672282
675.1248 0.386510943000864
675.8255 0.385074333714053
676.5262 0.386449884001012
677.2269 0.385750287328184
677.9276 0.386124877982839
678.6283 0.387575014302747
679.329 0.386752802884736
680.0297 0.386648254068321
680.7304 0.386366474704435
681.4311 0.386244664933512
682.1318 0.385661005741387
682.8325 0.386323399468537
683.5332 0.387909780450053
684.2339 0.385162805537006
684.9346 0.386521777395931
685.6353 0.384628627559547
686.336 0.385461033136565
687.0367 0.385067853109262
687.7374 0.386456277735404
688.4381 0.386115887736298
689.1388 0.385573583310342
689.8395 0.385379083181743
690.5402 0.383963275670644
691.2409 0.384142797918401
691.9416 0.384129628194649
692.6423 0.38405882985112
693.343 0.384434152073648
694.0437 0.383120069455469
694.7444 0.385041106008675
695.4451 0.386639002553171
696.1458 0.38594314846904
696.8465 0.384993228437931
697.5472 0.383662627327974
698.2479 0.386431825024577
698.9486 0.386879273734099
699.6493 0.386526033321586
700.35 0.384426641777095
701.0507 0.385983067940327
701.7514 0.385717312075304
702.4521 0.38690358161923
703.1528 0.386806228523289
703.8535 0.386287664100274
704.5542 0.387591172267637
705.2549 0.387824774856432
705.9556 0.388251810208455
706.6563 0.389008124239757
707.357 0.386477994160778
708.0577 0.388144871087118
708.7584 0.388899868198387
709.4591 0.390034760712479
710.1598 0.390117355531803
710.8605 0.389840026994143
711.5612 0.391968752620742
712.2619 0.390070116530769
712.9626 0.391094688527181
713.6633 0.390708962107282
714.364 0.392161859829661
715.0647 0.391637631547672
715.7654 0.3931946383004
716.4661 0.393336693035111
717.1668 0.394350801337394
717.8675 0.394502264718033
718.5682 0.393825764881413
719.2689 0.392793427528656
719.9696 0.395582542037145
720.6703 0.39517398100834
721.371 0.397682780413078
722.0717 0.396814441005657
722.7724 0.396043349714464
723.4731 0.394772108458618
724.1738 0.397293397097501
724.8745 0.39851192673459
725.5752 0.39741984804084
726.2759 0.400129877464186
726.9766 0.399397412387833
727.6773 0.398707545862374
728.378 0.400169429162829
729.0787 0.397450604326411
729.7794 0.399580745524889
730.4801 0.399970934606299
731.1808 0.401149112924334
731.8815 0.402433441480293
732.5822 0.403114554974794
733.2829 0.403630112687181
733.9836 0.401589378005109
734.6843 0.402876703900965
735.385 0.402301714614357
736.0857 0.402212755484326
736.7864 0.403592044675835
737.4871 0.403081531245319
738.1878 0.403184872913339
738.8885 0.403555346808136
739.5892 0.40589854314262
740.2899 0.405918274865282
740.9906 0.40652852202215
741.6913 0.405131634828374
742.392 0.406178294251192
743.0927 0.40741741753569
743.7934 0.406861608780872
744.4941 0.407799895641607
745.1948 0.409503203319894
745.8955 0.411932204025129
746.5962 0.413109386032413
747.2969 0.411589773505311
747.9976 0.409841062453846
748.6983 0.411118646139892
749.399 0.41121970351156
750.0997 0.414066939567608
750.8004 0.415288259100168
751.5011 0.412564667102474
752.2018 0.410879627908788
752.9025 0.412781998879525
753.6032 0.414657880015951
754.3039 0.416622199187453
755.0046 0.417481145277823
755.7053 0.417633735113592
756.406 0.415865077342896
757.1067 0.415601328915858
757.8074 0.4157551551999
758.5081 0.419249209752413
759.2088 0.419431633532531
759.9095 0.420546498542099
760.6102 0.420440464233638
761.3109 0.421174880422103
762.0116 0.421070238250043
762.7123 0.422839564338612
763.413 0.424447579281895
764.1137 0.425261207925414
764.8144 0.426289203134053
765.5151 0.427956834107977
766.2158 0.428068225442567
766.9165 0.429463886480968
767.6172 0.428350394654885
768.3179 0.427891739641881
769.0186 0.428510365212197
769.7193 0.429604161124286
770.42 0.43251312843957
771.1207 0.430399952315607
771.8214 0.433687486891935
772.5221 0.435212406826685
773.2228 0.43605552860333
773.9235 0.436083425862306
774.6242 0.437289377083148
775.3249 0.439022925854297
776.0256 0.439648927018592
776.7263 0.438971674105131
777.427 0.443009952579301
778.1277 0.44231671527809
778.8284 0.444130565582948
779.5291 0.443138165970865
780.2298 0.445186345291668
780.9305 0.444021798517465
781.6312 0.446202319544387
782.3319 0.449975818057155
783.0326 0.449716346661771
783.7333 0.452295279520875
784.434 0.454287446154586
785.1347 0.451733985790393
785.8354 0.453854921862361
786.5361 0.454205649203873
787.2368 0.457273061675536
787.9375 0.457980529427173
788.6382 0.458761362572986
789.3389 0.460955660461772
790.0396 0.459025348902634
790.7403 0.461863377530624
791.441 0.460396238888533
792.1417 0.463077279765742
792.8424 0.465489673901267
793.5431 0.468570606732405
794.2438 0.469891917247209
794.9445 0.471840566489913
795.6452 0.473016217693451
796.3459 0.471944559922554
797.0466 0.473295991596807
797.7473 0.474582633467403
798.448 0.476111055348135
799.1487 0.475774557765261
799.8494 0.478397569115349
800.5501 0.478406014655727
801.2508 0.480075535969778
801.9515 0.485198126766622
802.6522 0.485504333408667
803.3529 0.485940881882276
804.0536 0.486218397967622
804.7543 0.487658312195336
805.455 0.492361536669388
806.1557 0.493658007170043
806.8564 0.495832724175983
807.5571 0.494845107707575
808.2578 0.49455674923586
808.9585 0.495633216518211
809.6592 0.50020389226648
810.3599 0.505198224828358
811.0606 0.509397733213205
811.7613 0.515093243817959
812.462 0.513005629688583
813.1627 0.511015720858319
813.8634 0.51030277770634
814.5641 0.511154143602471
815.2648 0.510548750246581
815.9655 0.511740189814324
816.6662 0.513251022310936
817.3669 0.511383005588786
818.0676 0.507111972029137
818.7683 0.504426536901961
819.469 0.504435311641357
820.1697 0.50002752243801
820.8704 0.500886060558684
821.5711 0.499200064277694
822.2718 0.498490371727216
822.9725 0.49840655142875
823.6732 0.495008460523624
824.3739 0.495838566733192
825.0746 0.493659478985911
825.7753 0.491028149209837
826.476 0.488303087544627
827.1767 0.485669486344768
827.8774 0.484761866028412
828.5781 0.485815193228732
829.2788 0.490251261001668
829.9795 0.490634179733599
830.6802 0.489252091088202
831.3809 0.488019312469158
832.0816 0.486453579689259
832.7823 0.483902303276488
833.483 0.483579683052754
834.1837 0.481110436425481
834.8844 0.48255482204853
835.5851 0.484287164034298
836.2858 0.487665631461966
836.9865 0.48816821452583
837.6872 0.48770002369156
838.3879 0.487700258578254
839.0886 0.489504191295611
839.7893 0.488697141871851
840.49 0.488481355026376
841.1907 0.490033619878974
841.8914 0.490511709129933
842.5921 0.493762315591363
843.2928 0.494308082995929
843.9935 0.49637162187122
844.6942 0.499072537064499
845.3949 0.496607163730815
846.0956 0.499004061978926
846.7963 0.496577328131192
847.497 0.497996181466114
848.1977 0.500830920948797
848.8984 0.504130066877146
849.5991 0.509294686725676
850.2998 0.512067101682138
851.0005 0.512606969701269
851.7012 0.514430828389865
852.4019 0.518604077045566
853.1026 0.525366977564433
853.8033 0.526269325046363
854.504 0.532104342132649
855.2047 0.535280166163905
855.9054 0.539907552685563
856.6061 0.547989446657929
857.3068 0.54909627935314
858.0075 0.551650509766389
858.7082 0.555790946697034
859.4089 0.556894431963375
860.1096 0.558910757398869
860.8103 0.562005441971919
861.511 0.559749732243225
862.2117 0.563147593324351
862.9124 0.562594006541589
863.6131 0.560011906130206
864.3138 0.557217658998159
865.0145 0.567527356439056
865.7152 0.567396197324621
866.4159 0.566187376409041
867.1166 0.562951891372599
867.8173 0.561995018576004
868.518 0.563575089123277
869.2187 0.561591240256005
869.9194 0.559515725076558
870.6201 0.559868918435166
871.3208 0.559123188264147
872.0215 0.560054437920154
872.7222 0.560420257917082
873.4229 0.56159642977448
874.1236 0.555887563573236
874.8243 0.557157635425866
875.525 0.555493889284043
876.2257 0.554345378894582
876.9264 0.549892218231295
877.6271 0.547066943433236
878.3278 0.549056647973691
879.0285 0.550401659557804
879.7292 0.550084970943454
880.4299 0.548906349205339
881.1306 0.547032168886824
881.8313 0.546997523105741
882.532 0.544755243182817
883.2327 0.543806886634896
883.9334 0.542288470850563
884.6341 0.537358821207072
885.3348 0.537594408419236
886.0355 0.540347384029589
886.7362 0.542480001049367
887.4369 0.536538253536353
888.1376 0.536194885178226
888.8383 0.534279781236978
889.539 0.531883705546356
890.2397 0.530464540324074
890.9404 0.529347655331444
891.6411 0.52798563258538
892.3418 0.52722901971917
893.0425 0.528630941880676
893.7432 0.529766341366133
894.4439 0.53187843687666
895.1446 0.531640377757403
895.8453 0.529213518259971
896.546 0.53082854620606
897.2467 0.528059465131174
897.9474 0.528116611399588
898.6481 0.524735536527043
899.3488 0.525259303204227
900.0495 0.527177248877917
900.7502 0.531574179561885
901.4509 0.530954557781438
902.1516 0.531886680753181
902.8523 0.532084840865588
903.553 0.530322396732929
904.2537 0.530166242911294
904.9544 0.5339038408722
905.6551 0.533221334295926
906.3558 0.532366625512161
907.0565 0.533115434609696
907.7572 0.531289921074844
908.4579 0.536284094004411
909.1586 0.53910134884866
909.8593 0.541048107941494
910.56 0.540483808676902
911.2607 0.542714231713932
911.9614 0.545452445022594
912.6621 0.545964990810903
913.3628 0.546666562865903
914.0635 0.545362935064141
914.7642 0.544779003952083
915.4649 0.546765017857994
916.1656 0.547521610428067
916.8663 0.549594120277804
917.567 0.554795625823318
918.2677 0.556365961177677
918.9684 0.560866160666508
919.6691 0.564374033930272
920.3698 0.567941674558671
921.0705 0.563425290961909
921.7712 0.563709373279238
922.4719 0.561522203709909
923.1726 0.56553321657872
923.8733 0.570544423664499
924.574 0.577542537305609
925.2747 0.582827784309272
925.9754 0.583997979334163
926.6761 0.587056486283992
927.3768 0.590054908844458
928.0775 0.592299134895703
928.7782 0.592785513294971
929.4789 0.593741156869259
930.1796 0.596609377349847
930.8803 0.595108976739416
931.581 0.595932963308196
932.2817 0.601992061834923
932.9824 0.60803747742636
933.6831 0.6114330602317
934.3838 0.614497537647526
935.0845 0.615921428592713
935.7852 0.620658562372522
936.4859 0.624822201440597
937.1866 0.627579175465979
937.8873 0.630507359007363
938.588 0.634535845781787
939.2887 0.635288307606892
939.9894 0.638058224422809
940.6901 0.636534783957843
941.3908 0
942.0915 0
942.7922 0
943.4929 0
944.1936 0
944.8943 0
945.595 0
946.2957 0
946.9964 0
947.6971 0
948.3978 0
949.0985 0
949.7992 0
950.4999 0
951.2006 0
951.9013 0
952.602 0
953.3027 0
954.0034 0
954.7041 0
955.4048 0
956.1055 0
956.8062 0
957.5069 0
958.2076 0
958.9083 0
959.609 0
960.3097 0
961.0104 0
961.7111 0
962.4118 0
963.1125 0
963.8132 0
964.5139 0
965.2146 0
965.9153 0
966.616 0
967.3167 0
968.0174 0
968.7181 0
969.4188 0
970.1195 0
970.8202 0
971.5209 0
972.2216 0
972.9223 0
973.623 0
974.3237 0
975.0244 0
975.7251 0
976.4258 0
977.1265 0
977.8272 0
978.5279 0
979.2286 0
979.9293 0
980.63 0
981.3307 0
982.0314 0
982.7321 0
983.4328 0
984.1335 0
984.8342 0
985.5349 0
986.2356 0
986.9363 0
987.637 0
988.3377 0
989.0384 0
989.7391 0
990.4398 0
991.1405 0
991.8412 0
992.5419 0
993.2426 0
993.9433 0
994.644 0
995.3447 0
996.0454 0
996.7461 0
997.4468 0
998.1475 0
998.8482 0
999.5489 0
1000.2496 0
1000.9503 0
1001.651 0
1002.3517 0
1003.0524 0
1003.7531 0
1004.4538 0
1005.1545 0
1005.8552 0
1006.5559 0
1007.2566 0
1007.9573 0
1008.658 0
1009.3587 0
1010.0594 0
1010.7601 0
1011.4608 0
1012.1615 0
1012.8622 0
1013.5629 0
1014.2636 0
1014.9643 0
1015.665 0
1016.3657 0
1017.0664 0
1017.7671 0
1018.4678 0
1019.1685 0
1019.8692 0
1020.5699 0
1021.2706 0
1021.9713 0
1022.672 0
1023.3727 0
1024.0734 0
1024.7741 0
1025.4748 0
1026.1755 0
1026.8762 0
1027.5769 0
1028.2776 0
1028.9783 0
1029.679 0
1030.3797 0
1031.0804 0
1031.7811 0
1032.4818 0
1033.1825 0
1033.8832 0
1034.5839 0
1035.2846 0
1035.9853 0
1036.686 0
1037.3867 0
1038.0874 0
1038.7881 0
1039.4888 0
1040.1895 0
1040.8902 0
1041.5909 0
1042.2916 0
1042.9923 0
1043.693 0
1044.3937 0
1045.0944 0
1045.7951 0
1046.4958 0
1047.1965 0
1047.8972 0
1048.5979 0
1049.2986 0
1049.9993 0
1050.7 0