350.7007 0.213620279891518
351.4014 0.202908128225582
352.1021 0.225011643571726
352.8028 0.232170351692947
353.5035 0.237789446341779
354.2042 0.248374087655672
354.9049 0.255991943424144
355.6056 0.237718124352079
356.3063 0.252727624768186
357.007 0.245590841278558
357.7077 0.242353995937176
358.4084 0.270135926656753
359.1091 0.28882817184295
359.8098 0.258669218995049
360.5105 0.262774287537366
361.2112 0.25822910839057
361.9119 0.267730767176588
362.6126 0.626615857206369
363.3133 0.260906649228165
364.014 0.298929399493863
364.7147 0.259618553245173
365.4154 0.252657611658868
366.1161 0.257028626685628
366.8168 0.256364580129322
367.5175 0.253426240019099
368.2182 0.26480089357195
368.9189 0.258005113079366
369.6196 0.25447464992447
370.3203 0.250392491329674
371.021 0.269669009644919
371.7217 0.26078891028587
372.4224 0.259263467641377
373.1231 0.259588197443927
373.8238 0.256108656391878
374.5245 0.267854426074318
375.2252 0.257765758748986
375.9259 0.266801387506567
376.6266 0.25806179400006
377.3273 0.270532184038235
378.028 0.251337093704663
378.7287 0.258752741923095
379.4294 0.258006350613101
380.1301 0.230345488284729
380.8308 0.223184535121623
381.5315 0.239688050455582
382.2322 0.229845374091426
382.9329 0.237046267576345
383.6336 0.228252889999151
384.3343 0.251709229863997
385.035 0.220706103342479
385.7357 0.227705190776925
386.4364 0.231645638983915
387.1371 0.234224042817773
387.8378 0.216630797087773
388.5385 0.210203080722281
389.2392 0.20187292647175
389.9399 0.192771716243681
390.6406 0.18952073488361
391.3413 0.191709621598763
392.042 0.187326287179095
392.7427 0.189424365447445
393.4434 0.186617600287901
394.1441 0.179976189776977
394.8448 0.176791853158125
395.5455 0.174747922660178
396.2462 0.176274584042336
396.9469 0.1793177902594
397.6476 0.170023103029052
398.3483 0.174352770144648
399.049 0.170113681064137
399.7497 0.172122347883344
400.4504 0.170187381446045
401.1511 0.164499038211283
401.8518 0.166092762459194
402.5525 0.165605126588513
403.2532 0.162795613086235
403.9539 0.162933247950697
404.6546 0.163745346701779
405.3553 0.159387910400566
406.056 0.157000718694787
406.7567 0.160202939707517
407.4574 0.155283833753577
408.1581 0.158941981124447
408.8588 0.157953389178037
409.5595 0.153321129999463
410.2602 0.152372217448679
410.9609 0.151334500084885
411.6616 0.159980491756563
412.3623 0.149573469140803
413.063 0.146824511330029
413.7637 0.147140390817653
414.4644 0.143337405823471
415.1651 0.143184586478548
415.8658 0.142670424599166
416.5665 0.145519233099628
417.2672 0.147326240986962
417.9679 0.14215014945265
418.6686 0.14206105835148
419.3693 0.141375708701973
420.07 0.141046080384891
420.7707 0.140816501820873
421.4714 0.13925102483958
422.1721 0.137911080547074
422.8728 0.140152140150577
423.5735 0.136677758734826
424.2742 0.134127174461999
424.9749 0.135232643470912
425.6756 0.136107390169612
426.3763 0.13168537326383
427.077 0.131627551758865
427.7777 0.128103542710027
428.4784 0.12995022961554
429.1791 0.127971389038253
429.8798 0.127503129674462
430.5805 0.128403562090362
431.2812 0.129438110425902
431.9819 0.128845638470503
432.6826 0.127753407130324
433.3833 0.125867057545372
434.084 0.127979548360055
434.7847 0.12722061231508
435.4854 0.125619747175396
436.1861 0.127159594909058
436.8868 0.13003827980512
437.5875 0.128212184007516
438.2882 0.127640979035326
438.9889 0.12676788922244
439.6896 0.129101136414218
440.3903 0.126013569149354
441.091 0.128208840981263
441.7917 0.128661759395293
442.4924 0.12685512032737
443.1931 0.125469904007768
443.8938 0.124573435627188
444.5945 0.124502021683101
445.2952 0.122389144996437
445.9959 0.121927945105302
446.6966 0.121227726076152
447.3973 0.120057928719796
448.098 0.118931844806859
448.7987 0.117736657328538
449.4994 0.11634990536065
450.2001 0.115840711374877
450.9008 0.114337426900088
451.6015 0.112787256749797
452.3022 0.11255321729665
453.0029 0.111253581479877
453.7036 0.11027918015317
454.4043 0.111178831037479
455.105 0.107994599545277
455.8057 0.107859750792601
456.5064 0.107759985319641
457.2071 0.106053124989116
457.9078 0.104062068915565
458.6085 0.102703888460659
459.3092 0.102999246510532
460.0099 0.10158250048672
460.7106 0.101126339586926
461.4113 0.100429075532152
462.112 0.0993254402822242
462.8127 0.0980016303220458
463.5134 0.0965026449634564
464.2141 0.0959597388464324
464.9148 0.0957519976840885
465.6155 0.0963201741753776
466.3162 0.0970340914880027
467.0169 0.0964489273704035
467.7176 0.0984787128133992
468.4183 0.0973182708030871
469.119 0.0987067981791526
469.8197 0.0987327770061187
470.5204 0.0983273937197526
471.2211 0.0994409666935654
471.9218 0.100222077525332
472.6225 0.0996027769457858
473.3232 0.0997258999922594
474.0239 0.100127786175802
474.7246 0.099371795799417
475.4253 0.0981859465162252
476.126 0.0963478899199497
476.8267 0.0967076616330076
477.5274 0.0962744127978963
478.2281 0.0947708666529839
478.9288 0.0943965453539345
479.6295 0.0946314440986158
480.3302 0.093603549280609
481.0309 0.0929493856540782
481.7316 0.0914407076898285
482.4323 0.09131539802853
483.133 0.090792373453389
483.8337 0.0900434605138474
484.5344 0.0892957872216227
485.2351 0.0895947062906575
485.9358 0.0884475051407595
486.6365 0.0880912833806047
487.3372 0.0875293105486998
488.0379 0.0872121369201443
488.7386 0.0863209032133401
489.4393 0.0862652911888798
490.14 0.0853499837178361
490.8407 0.0847093877660164
491.5414 0.0834377006369963
492.2421 0.0832945259175505
492.9428 0.0824179497456709
493.6435 0.0822492105143389
494.3442 0.0821775295014389
495.0449 0.0821239407541206
495.7456 0.0811482583834468
496.4463 0.0812672662340985
497.147 0.0802767310996235
497.8477 0.08039148884001
498.5484 0.0796542508200067
499.2491 0.0789596833292736
499.9498 0.0791736168723649
500.6505 0.0784508213957541
501.3512 0.0783647220528019
502.0519 0.0777429447158107
502.7526 0.0772986196245425
503.4533 0.0769027394910219
504.154 0.0763753082868739
504.8547 0.0763497550822788
505.5554 0.0757272086037991
506.2561 0.0751652593172365
506.9568 0.0745252961021525
507.6575 0.0745712231052474
508.3582 0.0744281455803333
509.0589 0.0742006470373478
509.7596 0.0735563038122119
510.4603 0.0727988956140965
511.161 0.0723128937069756
511.8617 0.0727433964573675
512.5624 0.0723830432881185
513.2631 0.0720566245989946
513.9638 0.0721426731025192
514.6645 0.0723976049772292
515.3652 0.0714657754224751
516.0659 0.0717282467529761
516.7666 0.0713197575236921
517.4673 0.0710418897662576
518.168 0.0706232789309593
518.8687 0.0712684030163613
519.5694 0.0708051356799259
520.2701 0.0703643284352903
520.9708 0.0704966175169991
521.6715 0.0703650515826809
522.3722 0.0700594557121677
523.0729 0.0698771198908572
523.7736 0.0698672121436696
524.4743 0.0701716962863403
525.175 0.0692991331427406
525.8757 0.0697999941031314
526.5764 0.06982832534475
527.2771 0.0698258313405044
527.9778 0.0696061611794572
528.6785 0.0697874959893274
529.3792 0.0698206582748399
530.0799 0.069081398294445
530.7806 0.0697938507398764
531.4813 0.0694129266842378
532.182 0.0698277816210948
532.8827 0.0698830057948679
533.5834 0.0694209917343389
534.2841 0.0699038511489869
534.9848 0.0697602110260949
535.6855 0.0695802131315806
536.3862 0.0689237622443162
537.0869 0.0689434422842768
537.7876 0.0688545803720583
538.4883 0.0679455201466419
539.189 0.0674109744033556
539.8897 0.067718841302003
540.5904 0.0676315538380823
541.2911 0.0674834200433157
541.9918 0.0670719106506187
542.6925 0.0666895586321724
543.3932 0.0666964263377547
544.0939 0.0664476629511006
544.7946 0.0660735985846885
545.4953 0.0662482266307366
546.196 0.0651925502379498
546.8967 0.0655054664305698
547.5974 0.0650765880708101
548.2981 0.0650104555342621
548.9988 0.0646171978178111
549.6995 0.0645959773004803
550.4002 0.0642400029111228
551.1009 0.063865357619252
551.8016 0.0636787010817538
552.5023 0.0636854427641649
553.203 0.0632577956085369
553.9037 0.0631180932063571
554.6044 0.0629717123967847
555.3051 0.0628846588224933
556.0058 0.0625460502697867
556.7065 0.0625488080900918
557.4072 0.0623276464071615
558.1079 0.0619803775593999
558.8086 0.061776674499179
559.5093 0.0616993989966568
560.21 0.0618442382590405
560.9107 0.0613989442916686
561.6114 0.0610585004852146
562.3121 0.0608111149034057
563.0128 0.0604390563442347
563.7135 0.0606033470804571
564.4142 0.0603699141446744
565.1149 0.0602388387418255
565.8156 0.0601466935794047
566.5163 0.059932923934745
567.217 0.0596307116237325
567.9177 0.0596503953769143
568.6184 0.0593479937486681
569.3191 0.0593268893557951
570.0198 0.0592879601126848
570.7205 0.0591481198015959
571.4212 0.0595290784488929
572.1219 0.0589708775043682
572.8226 0.0588588793287881
573.5233 0.0588009009210891
574.224 0.0586387342365952
574.9247 0.0585444553725146
575.6254 0.0586707467257712
576.3261 0.0583582335127618
577.0268 0.0583155785982172
577.7275 0.0582432000230339
578.4282 0.0580908932400913
579.1289 0.0582180455293219
579.8296 0.0576940661744298
580.5303 0.0580169674442091
581.231 0.0581845026649671
581.9317 0.0580325919437216
582.6324 0.0578918075946893
583.3331 0.0580789430596816
584.0338 0.0581861461633621
584.7345 0.0582022920317994
585.4352 0.0581718512684612
586.1359 0.0583212216684817
586.8366 0.0581449618909223
587.5373 0.0583049154860496
588.238 0.0582601350719717
588.9387 0.0579597562821766
589.6394 0.0582318985522471
590.3401 0.0580065375409771
591.0408 0.0579009024763734
591.7415 0.0578352005385447
592.4422 0.0576396557919114
593.1429 0.057621331654752
593.8436 0.0579074264128231
594.5443 0.0574804458788608
595.245 0.0574583733080919
595.9457 0.0575481035761238
596.6464 0.0573085993820443
597.3471 0.0570853828573181
598.0478 0.056950041536581
598.7485 0.0567026650249897
599.4492 0.0568722643100509
600.1499 0.056839514551781
600.8506 0.056759079871212
601.5513 0.0567540070971033
602.252 0.0567613619295493
602.9527 0.0566422954397458
603.6534 0.056490158507775
604.3541 0.0564069281383027
605.0548 0.0567561630014413
605.7555 0.0564696531771475
606.4562 0.0566031967534244
607.1569 0.0568992197641309
607.8576 0.0565304172660013
608.5583 0.0564357132597514
609.259 0.0565366304036722
609.9597 0.0564875924703228
610.6604 0.0567107643680019
611.3611 0.0565418669663182
612.0618 0.0564705494482254
612.7625 0.0564003705395096
613.4632 0.056506609289601
614.1639 0.0562974057586959
614.8646 0.0561864673008725
615.5653 0.0562811565170957
616.266 0.0562109178583677
616.9667 0.056389270800527
617.6674 0.0561325841702673
618.3681 0.056141068727604
619.0688 0.0559432406868384
619.7695 0.0560573137244952
620.4702 0.0558225035782608
621.1709 0.0557155800909749
621.8716 0.0557824644117525
622.5723 0.0557217990375151
623.273 0.0557628387989693
623.9737 0.0558079844606919
624.6744 0.0556851123535698
625.3751 0.0555672189726689
626.0758 0.0554099291564612
626.7765 0.0554871355703456
627.4772 0.0553860735811684
628.1779 0.055645818530654
628.8786 0.0553075818438661
629.5793 0.0551708031699647
630.28 0.0557121776053527
630.9807 0.0552915578032203
631.6814 0.0553713043839044
632.3821 0.0553247966911064
633.0828 0.055552620505106
633.7835 0.0557082921645558
634.4842 0.0553118967194694
635.1849 0.0558069950013778
635.8856 0.0555723618032233
636.5863 0.0554973461776368
637.287 0.0552089753093964
637.9877 0.0553102476683685
638.6884 0.0556682638470996
639.3891 0.0551800792458835
640.0898 0.0554798580631187
640.7905 0.0555095787731703
641.4912 0.0553162452917162
642.1919 0.0554827808604097
642.8926 0.0555527698426095
643.5933 0.055140157846064
644.294 0.0551190692431532
644.9947 0.0552197236849685
645.6954 0.0553435977260509
646.3961 0.0551815288489399
647.0968 0.055282077566363
647.7975 0.0550437427570056
648.4982 0.0550999952061261
649.1989 0.0549077747092521
649.8996 0.0549527566219856
650.6003 0.0549835079736206
651.301 0.0550843617935936
652.0017 0.0549391281709309
652.7024 0.0549568350954917
653.4031 0.0550738801371324
654.1038 0.0548300878995061
654.8045 0.0548851453903014
655.5052 0.0550251481456418
656.2059 0.0549223336225195
656.9066 0.0549763035616369
657.6073 0.0549446743853172
658.308 0.0549097667037338
659.0087 0.0547222542987711
659.7094 0.054800875329213
660.4101 0.0546824369059176
661.1108 0.054636312191486
661.8115 0.0546850831678713
662.5122 0.0546769687037225
663.2129 0.054786932196922
663.9136 0.054530744873771
664.6143 0.054541184871591
665.315 0.0545953420983388
666.0157 0.05480178261462
666.7164 0.0548308785987598
667.4171 0.0547155134207033
668.1178 0.0544642945748007
668.8185 0.0545134882186782
669.5192 0.054467041862433
670.2199 0.0546724972261361
670.9206 0.0544919740045047
671.6213 0.0546681346758541
672.322 0.0545760202600235
673.0227 0.0544639125115137
673.7234 0.0546487964073326
674.4241 0.0544340995590437
675.1248 0.0544271189088687
675.8255 0.0542248206146166
676.5262 0.0544185207941048
677.2269 0.0543200060379516
677.9276 0.054372754583555
678.6283 0.0545769577072878
679.329 0.0544611767716464
680.0297 0.0544464545730493
680.7304 0.0544067753887416
681.4311 0.0543896225629126
682.1318 0.0543074337172219
682.8325 0.0544007096847073
683.5332 0.0546240983050795
684.2339 0.0542372789072345
684.9346 0.0544286445704813
685.6353 0.0541620578330989
686.336 0.0542792742745508
687.0367 0.0542239080385202
687.7374 0.0544194211374155
688.4381 0.0543714886084866
689.1388 0.0542951231963015
689.8395 0.0542677343685885
690.5402 0.0540683653076237
691.2409 0.054093645002552
691.9416 0.0540917904881233
692.6423 0.0540818209130527
693.343 0.0541346724754849
694.0437 0.0539496279580892
694.7444 0.0542201416053817
695.4451 0.0544451518070493
696.1458 0.0543471640691442
696.8465 0.0542133996533539
697.5472 0.0540260290597308
698.2479 0.0544159777922168
698.9486 0.054478985954236
699.6493 0.0544292438750442
700.35 0.0541336149017966
701.0507 0.0543527853894454
701.7514 0.0543153625781945
702.4521 0.0544824089055868
703.1528 0.0544686999831749
703.8535 0.0543956775551572
704.5542 0.0545792330153802
705.2549 0.0546121281147506
705.9556 0.0546722617391763
706.6563 0.0547787632353423
707.357 0.0544224791684688
708.0577 0.0546572029462018
708.7584 0.0547635189982956
709.4591 0.0549233305920727
710.1598 0.0549349613055984
710.8605 0.0548959088710701
711.5612 0.0551956685671442
712.2619 0.0549283092747234
712.9626 0.0550725859191218
713.6633 0.0550182692740117
714.364 0.0552228612487805
715.0647 0.0551490412559554
715.7654 0.055368293500186
716.4661 0.0553882971509951
717.1668 0.0555311003345901
717.8675 0.0555524288780056
718.5682 0.0554571665375304
719.2689 0.0553117964028161
719.9696 0.0557045497510794
720.6703 0.0556470176162227
721.371 0.0560002979721682
722.0717 0.055878021454422
722.7724 0.0557694390762117
723.4731 0.055590427329593
724.1738 0.0559454663758013
724.8745 0.0561170554566611
725.5752 0.0559632727552942
726.2759 0.0563448896185214
726.9766 0.0562417464487634
727.6773 0.056144601857925
728.378 0.0563504591503654
729.0787 0.0559676037478373
729.7794 0.0562675627797915
730.4801 0.0563225078412844
731.1808 0.0564884147905512
731.8815 0.0566692694449901
732.5822 0.0567651814646287
733.2829 0.0568377804981738
733.9836 0.0565504113790999
734.6843 0.0567316881084577
735.385 0.0566507201285331
736.0857 0.0566381932150371
736.7864 0.0568324198939848
737.4871 0.0567605311785669
738.1878 0.0567750833907498
738.8885 0.0568272522286312
739.5892 0.0571572129395327
740.2899 0.0571599914916928
740.9906 0.0572459243615691
741.6913 0.0570492195935032
742.392 0.0571966065120223
743.0927 0.0573710955182701
743.7934 0.0572928284737352
744.4941 0.0574249547471684
745.1948 0.0576648085759494
745.8955 0.058006851958181
746.5962 0.0581726186104532
747.2969 0.0579586320902636
747.9976 0.0577123847173007
748.6983 0.0578922895827532
749.399 0.0579065201283146
750.0997 0.0583074579495856
750.8004 0.0584794398937662
751.5011 0.0580959131962637
752.2018 0.0578586318715777
752.9025 0.0581265170968425
753.6032 0.0583906721163056
754.3039 0.0586672806704963
755.0046 0.0587882344541949
755.7053 0.0588097216210814
756.406 0.0585606654208936
757.1067 0.0585235252900373
757.8074 0.0585451865692443
758.5081 0.0590372071085004
759.2088 0.0590628953870655
759.9095 0.0592198867777154
760.6102 0.059204955397325
761.3109 0.0593083733158652
762.0116 0.0592936379712528
762.7123 0.0595427882816254
763.413 0.0597692233208142
764.1137 0.059883795660176
764.8144 0.0600285543493451
765.5151 0.0602633843094212
766.2158 0.0602790700474913
766.9165 0.0604756021526467
767.6172 0.0603188041288914
768.3179 0.0602542179344177
769.0186 0.0603413306231665
769.7193 0.0604953551372128
770.42 0.0609049857384623
771.1207 0.0606074156689546
771.8214 0.0610703547876082
772.5221 0.0612850886783767
773.2228 0.0614038141375728
773.9235 0.0614077425319922
774.6242 0.0615775603642777
775.3249 0.0618216726379668
776.0256 0.0619098239320586
776.7263 0.0618144555459371
777.427 0.0623831117940483
778.1277 0.0622854925423599
778.8284 0.0625409125971167
779.5291 0.0624011663553348
780.2298 0.0626895838023922
780.9305 0.0625255963994422
781.6312 0.0628326497426002
782.3319 0.0633640206027944
783.0326 0.0633274827485738
783.7333 0.0636906390522238
784.434 0.0639711689886272
785.1347 0.0636115996326033
785.8354 0.0639102624308436
786.5361 0.0639596506281682
787.2368 0.0643915929220695
787.9375 0.0644912160560061
788.6382 0.0646011702481053
789.3389 0.0649101636007571
790.0396 0.0646383438795748
790.7403 0.0650379851430359
791.441 0.0648313878117703
792.1417 0.0652089226093378
792.8424 0.0655486275125156
793.5431 0.0659824736961414
794.2438 0.0661685360206553
794.9445 0.0664429379902888
795.6452 0.0666084890801325
796.3459 0.0664575819816856
797.0466 0.0666478858625039
797.7473 0.0668290662698175
798.448 0.0670442932923687
799.1487 0.0669969088798772
799.8494 0.0673662721624329
800.5501 0.067367461433885
801.2508 0.067602557585045
801.9515 0.0683239029013164
802.6522 0.0683670218494835
803.3529 0.0684284950784123
804.0536 0.0684675739227499
804.7543 0.0686703376072186
805.455 0.069332629224933
806.1557 0.0695151936655491
806.8564 0.069821429706776
807.5571 0.0696823570105541
808.2578 0.0696417513792967
808.9585 0.0697933357363221
809.6592 0.0704369623061508
810.3599 0.0711402467464445
811.0606 0.0717316068265661
811.7613 0.0725336287060113
812.462 0.0722396581871608
813.1627 0.0719594461867405
813.8634 0.0718590520260816
814.5641 0.0719789383933443
815.2648 0.0718936890187423
815.9655 0.0720614633708029
816.6662 0.0722742135178131
817.3669 0.072011165937657
818.0676 0.0714097339326277
818.7683 0.0710315803521519
819.469 0.0710328159802581
820.1697 0.0704121265238789
820.8704 0.070533022858712
821.5711 0.07029560676034
822.2718 0.0701956703380133
822.9725 0.0701838670568018
823.6732 0.0697053597826726
824.3739 0.0698222524352438
825.0746 0.069515400921511
825.7753 0.0691448662673071
826.476 0.0687611326163661
827.1767 0.0683902781082107
827.8774 0.06826247019028
828.5781 0.0684107960419017
829.2788 0.0690354675875269
829.9795 0.069089388863839
830.6802 0.068894767975588
831.3809 0.0687211724029346
832.0816 0.0685006913900829
832.7823 0.0681414295704584
833.483 0.0680959993191355
834.1837 0.0677482886469499
834.8844 0.0679516819776681
835.5851 0.0681956243160613
836.2858 0.0686713682807414
836.9865 0.0687421402696691
837.6872 0.0686762112742025
838.3879 0.0686762443501252
839.0886 0.0689302678449036
839.7893 0.0688166219682532
840.49 0.0687862356195344
841.1907 0.0690048201259768
841.8914 0.069072142981855
842.5921 0.0695298820125498
843.2928 0.0696067350692688
843.9935 0.0698973153950586
844.6942 0.0702776488242909
845.3949 0.0699304835757591
846.0956 0.0702680064022787
846.7963 0.0699262822309905
847.497 0.0701260801942111
848.1977 0.0705252582917361
848.8984 0.0709898324803627
849.5991 0.0717170961806673
850.2998 0.0721074979564322
851.0005 0.0721835202823311
851.7012 0.0724403496826748
852.4019 0.0730280119595994
853.1026 0.0739803399528288
853.8033 0.0741074053686611
854.504 0.0749290720628168
855.2047 0.075376280493297
855.9054 0.07602789287585
856.6061 0.0771659569131258
857.3068 0.0773218172213662
858.0075 0.0776814950130045
858.7082 0.0782645368575879
859.4089 0.0784199257926048
860.1096 0.0787038576869636
860.8103 0.0791396403427795
861.511 0.0788219991896616
862.2117 0.0793004741007789
862.9124 0.0792225199465762
863.6131 0.078858917599295
864.3138 0.0784654414929372
865.0145 0.0799172170213959
865.7152 0.0798987476537191
866.4159 0.0797285257210592
867.1166 0.0792729160365337
867.8173 0.0791381725566296
868.518 0.0793606725637269
869.2187 0.0790813139060963
869.9194 0.0787890471190505
870.6201 0.078838782572276
871.3208 0.0787337714582908
872.0215 0.0788649067771716
872.7222 0.0789164202694352
873.4229 0.0790820446759341
874.1236 0.0782781421081115
874.8243 0.07845698918346
875.525 0.0782227062718506
876.2257 0.0780609770565016
876.9264 0.0774338985498512
877.6271 0.0770360532361059
878.3278 0.07731623646915
879.0285 0.0775056362953333
879.7292 0.077461041312494
880.4299 0.0772950719223627
881.1306 0.0770311564061278
881.8313 0.0770262777084329
882.532 0.0767105276935836
883.2327 0.0765769834420263
883.9334 0.076363165442967
884.6341 0.0756689894249681
885.3348 0.0757021639920587
886.0355 0.0760898283871068
886.7362 0.0763901360555557
887.4369 0.0755534399560702
888.1376 0.0755050880250427
888.8383 0.0752354097874127
889.539 0.0748980027905614
890.2397 0.0746981609084538
890.9404 0.0745408850708554
891.6411 0.0743490897923542
892.3418 0.0742425462153019
893.0425 0.0744399599899103
893.7432 0.0745998429736215
894.4439 0.0748972608749255
895.1446 0.0748637382225253
895.8453 0.0745219963576861
896.546 0.0747494189433973
897.2467 0.0743594866331735
897.9474 0.0743675337707836
898.6481 0.0738914226348374
899.3488 0.0739651776260888
900.0495 0.0742352560265402
900.7502 0.0748544164242055
901.4509 0.0747671634526309
902.1516 0.0748984217487787
902.8523 0.0749263259626082
903.553 0.0746781447451925
904.2537 0.0746561557102839
904.9544 0.0751824711803515
905.6551 0.0750863629918109
906.3558 0.0749660058908055
907.0565 0.0750714505684521
907.7572 0.0748143881384475
908.4579 0.0755176500998777
909.1586 0.0759143660717827
909.8593 0.0761885018771236
910.56 0.0761090392287037
911.2607 0.0764231195983588
911.9614 0.0768087052177239
912.6621 0.0768808801226567
913.3628 0.0769796730452171
914.0635 0.0767961007384966
914.7642 0.0767138736019922
915.4649 0.0769935371327901
916.1656 0.0771000778518115
916.8663 0.0773919214388408
917.567 0.0781243792539619
918.2677 0.0783455083852484
918.9684 0.0789792107347616
919.6691 0.0794731771765959
920.3698 0.079975559849641
921.0705 0.0793395785106639
921.7712 0.0793795819888193
922.4719 0.0790715924211773
923.1726 0.0796364092221217
923.8733 0.0803420698738411
924.574 0.0813275197561271
925.2747 0.0820717697504422
925.9754 0.0822365525202956
926.6761 0.0826672407697654
927.3768 0.083089468145711
928.0775 0.0834054922075425
928.7782 0.0834739823122887
929.4789 0.0836085526974076
930.1796 0.0840124454719349
930.8803 0.0838011643066441
931.581 0.0839171952128071
932.2817 0.0847704162715288
932.9824 0.0856217105471684
933.6831 0.0860998646394595
934.3838 0.0865313936290652
935.0845 0.0867319009709408
935.7852 0.0873989675784709
936.4859 0.087985276666882
937.1866 0.0883735041047474
937.8873 0.0887858406677344
938.588 0.0893531180829406
939.2887 0.0894590771249055
939.9894 0.0898491271212577
940.6901 0.089634601564249
941.3908 0.0904837668879778
942.0915 0.0910181141407406
942.7922 0.0918012218745856
943.4929 0.0923467407077429
944.1936 0.0931699226567621
944.8943 0.0940163127796642
945.595 0.0944604614866373
946.2957 0.0949450478892281
946.9964 0.0953599146614859
947.6971 0.0962690348527127
948.3978 0.0965772493951922
949.0985 0.0970034044751791
949.7992 0.0970259668542229
950.4999 0.0971765200790088
951.2006 0.0981852321147444
951.9013 0.0998842284924081
952.602 0.100472022197836
953.3027 0.101430119174999
954.0034 0.102060683966204
954.7041 0.103057956291137
955.4048 0.102705503444233
956.1055 0.103351450520892
956.8062 0.104652209198432
957.5069 0.10469155931057
958.2076 0.105882906030812
958.9083 0.106281052610843
959.609 0.106315078931178
960.3097 0.107164788265773
961.0104 0.108127712210288
961.7111 0.10929527497197
962.4118 0.110251736043917
963.1125 0.111353577956037
963.8132 0.112164811334331
964.5139 0.112822124703556
965.2146 0.113146582389898
965.9153 0.113902483545176
966.616 0.115491544304006
967.3167 0.11620619878167
968.0174 0.116508526167959
968.7181 0.117294908441381
969.4188 0.118661759864972
970.1195 0.119747720621723
970.8202 0.120825300865245
971.5209 0.121556563521697
972.2216 0.123844599829649
972.9223 0.124626935388221
973.623 0.124888963500435
974.3237 0.125711186740319
975.0244 0.127344589718074
975.7251 0.128041711506515
976.4258 0.130097040790663
977.1265 0.130948792262695
977.8272 0.131315859806714
978.5279 0.133033820775833
979.2286 0.134367478310583
979.9293 0.135172084592847
980.63 0.136430119316009
981.3307 0.137562388324551
982.0314 0.139620594551735
982.7321 0.140418985079599
983.4328 0.142044343440381
984.1335 0.143032910492251
984.8342 0.144625912703348
985.5349 0.145853492685646
986.2356 0.147559359090773
986.9363 0.150288103996244
987.637 0.150932921625501
988.3377 0.152928214428865
989.0384 0.153904215350197
989.7391 0.155570485047384
990.4398 0.157755522078029
991.1405 0.160763843364881
991.8412 0.161257924414916
992.5419 0.163359807774169
993.2426 0.165181626195865
993.9433 0.167189685697979
994.644 0.169886912464854
995.3447 0.170835625068499
996.0454 0.172887157180294
996.7461 0.174170528181232
997.4468 0.175301790020682
998.1475 0.178246928839205
998.8482 0.180282541655693
999.5489 0.181931986347455
1000.2496 0.182454451873936
1000.9503 0.187098724120032
1001.651 0.189173782031641
1002.3517 0.190322750991536
1003.0524 0.194296594620591
1003.7531 0.198540692209298
1004.4538 0.199792810504886
1005.1545 0.202013672422016
1005.8552 0.203701167793927
1006.5559 0.208518545349156
1007.2566 0.209791291242862
1007.9573 0.213448983966961
1008.658 0.21446819038114
1009.3587 0.2177513073955
1010.0594 0.220509680997603
1010.7601 0.224170311423354
1011.4608 0.228863578007911
1012.1615 0.231888152036944
1012.8622 0.23482265932748
1013.5629 0.238704727681048
1014.2636 0.243001291788208
1014.9643 0.2462713358668
1015.665 0.250646867032578
1016.3657 0.251818950518402
1017.0664 0.256963699177471
1017.7671 0.259205916773107
1018.4678 0.265055899361006
1019.1685 0.266583726787572
1019.8692 0.271229697454895
1020.5699 0.276260285237686
1021.2706 0.279202082747766
1021.9713 0.284526633911034
1022.672 0.287481898478732
1023.3727 0.295079126620357
1024.0734 0.300303046235966
1024.7741 0.308549263222656
1025.4748 0.313866423536551
1026.1755 0.318590291059914
1026.8762 0.322319541928987
1027.5769 0.327795085026755
1028.2776 0.329587804850029
1028.9783 0.334121969803442
1029.679 0.341363510869179
1030.3797 0.34970751141993
1031.0804 0.351788393875891
1031.7811 0.361368378123058
1032.4818 0.367453689144852
1033.1825 0.377206508188921
1033.8832 0.383735256034139
1034.5839 0.391536877927735
1035.2846 0.397896074565443
1035.9853 0.403343897510934
1036.686 0.410346159839031
1037.3867 0.421451880165972
1038.0874 0.429373881840662
1038.7881 0.438913430963397
1039.4888 0.453454481554709
1040.1895 0.4670624015527
1040.8902 0.472141246760619
1041.5909 0.482445610383847
1042.2916 0.49506150639501
1042.9923 0.515773013073314
1043.693 0.527741265837197
1044.3937 0.5504088969293
1045.0944 0.567232080896868
1045.7951 0.593867199394932
1046.4958 0.633179097523565
1047.1965 0.669800064556399
1047.8972 0.714193123819023
1048.5979 0.769108780687296
1049.2986 0.833205439183842
1049.9993 0.908995484689358
1050.7 1