339.41 0
339.79 0
340.17 0
340.55 0
340.93 0
341.31 0
341.69 0
342.07 0
342.45 0
342.84 0
343.22 0
343.6 0
343.98 0
344.36 0
344.74 0
345.12 0
345.5 0
345.88 0
346.26 0
346.64 0
347.02 0
347.4 0
347.78 0
348.17 0
348.55 0
348.93 0
349.31 0
349.69 0
350.07 0
350.44 0
350.82 0
351.2 0
351.58 0
351.96 0
352.34 0
352.72 0
353.1 0
353.48 0
353.86 0
354.24 0
354.62 0
355 0
355.38 0
355.76 0
356.14 0
356.52 0
356.9 0
357.28 0
357.66 0
358.04 0
358.41 0
358.79 0
359.17 0
359.55 0
359.93 0
360.31 0
360.69 0
361.07 0
361.44 0
361.82 0
362.2 0
362.58 0
362.96 0
363.34 0
363.71 0
364.09 0
364.47 0
364.85 0
365.23 0
365.61 0
365.98 0
366.36 0
366.74 0
367.12 0
367.5 0
367.87 0
368.25 0
368.63 0
369.01 0
369.38 0
369.76 0
370.14 0
370.51 0
370.89 0
371.27 0
371.65 0
372.02 0
372.4 0
372.78 0
373.16 0
373.53 0
373.91 0
374.29 0
374.66 0
375.04 0
375.42 0
375.79 0
376.17 0
376.55 0
376.92 0
377.3 0
377.68 0
378.05 0
378.43 0
378.81 0
379.18 0
379.56 0
379.94 0
380.31 0
380.69 0
381.06 0
381.44 0
381.82 0
382.19 0
382.57 0
382.94 0
383.32 0
383.69 0
384.07 0
384.45 0
384.82 0
385.2 0
385.57 0
385.95 0
386.32 0
386.7 0
387.07 0
387.45 0
387.82 0
388.2 0
388.58 0
388.95 0
389.33 0
389.7 0
390.07 0
390.45 0
390.82 0
391.2 0
391.57 0
391.95 0
392.32 0
392.7 0
393.07 0
393.45 0
393.82 0
394.2 0
394.57 0
394.94 0
395.32 0
395.69 0
396.07 0
396.44 0
396.82 0
397.19 0
397.56 0
397.94 0
398.31 0
398.69 0
399.06 0
399.43 0
399.81 0
400.18 0
400.55 0
400.93 0
401.3 0
401.67 0
402.05 0
402.42 0
402.79 0
403.17 0
403.54 0
403.91 0
404.29 0
404.66 0
405.03 0
405.41 0
405.78 0
406.15 0
406.52 0
406.9 0
407.27 0
407.64 0
408.01 0
408.39 0
408.76 0
409.13 0
409.51 0
409.88 0
410.25 0
410.62 0
410.99 0
411.37 0
411.74 0
412.11 0
412.48 0
412.85 0
413.23 0
413.6 0
413.97 0
414.34 0
414.71 0
415.08 0
415.46 0
415.83 0
416.2 0
416.57 0
416.94 0
417.31 0
417.69 0
418.06 0
418.43 0
418.8 0
419.17 0
419.54 0
419.91 0
420.28 0.039871
420.65 0.040238
421.03 0.039859
421.4 0.040351
421.77 0.040135
422.14 0.039859
422.51 0.039867
422.88 0.04012
423.25 0.040127
423.62 0.040215
423.99 0.039769
424.36 0.040141
424.73 0.040087
425.1 0.040095
425.47 0.040074
425.84 0.039605
426.21 0.040218
426.58 0.039952
426.95 0.040071
427.32 0.040171
427.69 0.040044
428.06 0.039808
428.43 0.039444
428.8 0.039521
429.17 0.039528
429.54 0.039516
429.91 0.0396
430.28 0.039015
430.65 0.039359
431.02 0.039347
431.39 0.039571
431.76 0.039299
432.13 0.038893
432.5 0.039325
432.87 0.038915
433.24 0.038947
433.61 0.038881
433.98 0.038472
434.35 0.038708
434.71 0.038434
435.08 0.038349
435.45 0.038544
435.82 0.038003
436.19 0.038136
436.56 0.038178
436.93 0.037885
437.3 0.037778
437.67 0.037549
438.04 0.037356
438.4 0.037367
438.77 0.037409
439.14 0.036908
439.51 0.037105
439.88 0.037057
440.25 0.036857
440.61 0.036878
440.98 0.036636
441.35 0.036601
441.72 0.036556
442.09 0.0364
442.45 0.036481
442.82 0.036692
443.19 0.036309
443.56 0.036455
443.93 0.036341
444.3 0.036277
444.66 0.036002
445.03 0.035956
445.4 0.036008
445.77 0.03594
446.13 0.035933
446.5 0.035881
446.87 0.036003
447.24 0.03588
447.6 0.036003
447.97 0.036257
448.34 0.03609
448.71 0.035808
449.07 0.03586
449.44 0.035495
449.81 0.035823
450.17 0.036016
450.54 0.036164
450.91 0.035319
451.27 0.035546
451.64 0.035768
452.01 0.036311
452.38 0.035342
452.74 0.036015
453.11 0.036155
453.48 0.036063
453.84 0.036206
454.21 0.036127
454.57 0.036461
454.94 0.036233
455.31 0.036306
455.68 0.036363
456.04 0.036186
456.41 0.036296
456.77 0.036064
457.14 0.035998
457.51 0.036147
457.87 0.035869
458.24 0.035841
458.6 0.035614
458.97 0.036097
459.33 0.035643
459.7 0.035742
460.07 0.03564
460.43 0.035426
460.8 0.035272
461.16 0.035553
461.53 0.03522
461.89 0.035117
462.26 0.035101
462.63 0.035034
462.99 0.035139
463.36 0.034726
463.72 0.034543
464.09 0.034479
464.45 0.034563
464.82 0.034281
465.18 0.03429
465.55 0.034055
465.91 0.034085
466.28 0.033785
466.64 0.033683
467.01 0.033718
467.37 0.033321
467.74 0.03328
468.1 0.032815
468.47 0.033194
468.83 0.03267
469.19 0.032732
469.56 0.032422
469.92 0.032276
470.29 0.032313
470.65 0.031897
471.02 0.031834
471.38 0.031447
471.75 0.0313
472.11 0.031062
472.47 0.031041
472.84 0.03046
473.2 0.030353
473.57 0.030141
473.93 0.029754
474.29 0.029337
474.66 0.029115
475.02 0.029055
475.38 0.028923
475.75 0.028475
476.11 0.028244
476.48 0.027825
476.84 0.02752
477.2 0.027303
477.57 0.026932
477.93 0.026433
478.29 0.026268
478.66 0.026023
479.02 0.025577
479.38 0.025333
479.75 0.025037
480.11 0.024726
480.47 0.024462
480.83 0.024061
481.2 0.023901
481.56 0.023571
481.92 0.023446
482.29 0.023192
482.65 0.022977
483.01 0.022544
483.38 0.022308
483.74 0.022197
484.1 0.021852
484.46 0.02169
484.82 0.021455
485.19 0.021126
485.55 0.021068
485.91 0.020812
486.27 0.020504
486.64 0.020449
487 0.020193
487.36 0.019938
487.72 0.019743
488.08 0.019646
488.45 0.01943
488.81 0.019187
489.17 0.01911
489.53 0.01887
489.89 0.018759
490.26 0.018599
490.62 0.01845
490.98 0.018323
491.34 0.018134
491.7 0.018084
492.06 0.017955
492.43 0.017811
492.79 0.017716
493.15 0.017522
493.51 0.017484
493.87 0.017487
494.23 0.017264
494.59 0.017272
494.95 0.017104
495.32 0.017082
495.68 0.016972
496.04 0.01695
496.4 0.016814
496.76 0.016744
497.12 0.01671
497.48 0.016617
497.84 0.01663
498.2 0.016549
498.56 0.016446
498.92 0.016393
499.28 0.016371
499.64 0.016347
500 0.01632
500.36 0.016217
500.73 0.016202
501.08 0.016196
501.44 0.016202
501.81 0.016185
502.17 0.016113
502.52 0.016138
502.89 0.016124
503.25 0.016056
503.61 0.016088
503.96 0.016059
504.32 0.016042
504.69 0.016021
505.05 0.015995
505.4 0.015937
505.76 0.016001
506.12 0.015884
506.48 0.015865
506.84 0.01587
507.2 0.015887
507.56 0.015831
507.92 0.015792
508.28 0.015814
508.64 0.015772
509 0.01577
509.36 0.015708
509.72 0.015702
510.08 0.015687
510.44 0.015661
510.79 0.015728
511.15 0.015638
511.51 0.01564
511.87 0.015656
512.23 0.015546
512.59 0.015604
512.95 0.015573
513.3 0.015544
513.66 0.015488
514.02 0.015539
514.38 0.015476
514.74 0.015457
515.1 0.015529
515.46 0.015461
515.81 0.015424
516.17 0.015452
516.53 0.015426
516.89 0.015445
517.25 0.01544
517.6 0.015428
517.96 0.015422
518.32 0.015432
518.68 0.015355
519.04 0.015392
519.39 0.015399
519.75 0.015387
520.11 0.01532
520.47 0.015355
520.82 0.01536
521.18 0.015354
521.54 0.015312
521.9 0.015346
522.25 0.015283
522.61 0.01537
522.97 0.01529
523.33 0.015246
523.68 0.015239
524.04 0.015265
524.4 0.015211
524.75 0.015239
525.11 0.015215
525.47 0.015247
525.83 0.015187
526.18 0.015203
526.54 0.015176
526.89 0.015174
527.25 0.015158
527.61 0.015178
527.97 0.015127
528.32 0.015166
528.68 0.01512
529.03 0.015139
529.39 0.015152
529.75 0.015129
530.1 0.015115
530.46 0.015093
530.82 0.015135
531.17 0.015119
531.53 0.015099
531.88 0.01509
532.24 0.015104
532.6 0.015074
532.95 0.01513
533.31 0.015038
533.66 0.015046
534.02 0.015045
534.38 0.015012
534.73 0.01505
535.09 0.01503
535.44 0.015026
535.8 0.015097
536.15 0.015005
536.51 0.015052
536.86 0.015036
537.22 0.015015
537.58 0.015005
537.93 0.01499
538.28 0.015067
538.64 0.015043
539 0.01502
539.35 0.015041
539.71 0.014989
540.06 0.015046
540.41 0.015011
540.77 0.015061
541.13 0.015052
541.48 0.015029
541.83 0.015023
542.19 0.015053
542.54 0.015105
542.9 0.015053
543.25 0.015041
543.61 0.015051
543.96 0.01505
544.32 0.01505
544.67 0.015031
545.02 0.015102
545.38 0.015047
545.73 0.015089
546.09 0.015118
546.44 0.015045
546.79 0.015113
547.15 0.015119
547.5 0.015105
547.86 0.01514
548.21 0.01511
548.56 0.015102
548.92 0.015163
549.27 0.01516
549.63 0.015134
549.98 0.015134
550.33 0.015145
550.68 0.015151
551.04 0.015189
551.39 0.015209
551.75 0.015207
552.1 0.015196
552.45 0.015294
552.8 0.015257
553.16 0.015259
553.51 0.015267
553.86 0.015261
554.22 0.015287
554.57 0.015309
554.92 0.015306
555.28 0.015334
555.63 0.015358
555.98 0.015365
556.33 0.015311
556.69 0.015443
557.04 0.015362
557.39 0.015402
557.74 0.015406
558.1 0.015436
558.45 0.015445
558.8 0.015447
559.15 0.015461
559.51 0.015507
559.86 0.015497
560.21 0.015516
560.56 0.015559
560.91 0.015537
561.27 0.015613
561.62 0.015546
561.97 0.015629
562.32 0.015646
562.67 0.015644
563.02 0.015647
563.38 0.015701
563.73 0.015682
564.08 0.015727
564.43 0.015765
564.78 0.015721
565.13 0.01578
565.49 0.015767
565.84 0.015831
566.19 0.015834
566.54 0.015848
566.89 0.015904
567.24 0.015879
567.59 0.015952
567.95 0.015936
568.3 0.015935
568.65 0.015982
569 0.016029
569.35 0.016011
569.7 0.01609
570.05 0.016065
570.4 0.016093
570.75 0.016152
571.1 0.016093
571.45 0.016193
571.8 0.016206
572.15 0.016206
572.5 0.016243
572.85 0.016211
573.2 0.016303
573.55 0.016251
573.9 0.016365
574.26 0.016333
574.61 0.016372
574.96 0.016439
575.3 0.016415
575.65 0.016445
576.01 0.016478
576.36 0.016539
576.71 0.016506
577.05 0.016624
577.4 0.016591
577.75 0.016663
578.1 0.016655
578.45 0.016694
578.8 0.01673
579.15 0.016718
579.5 0.016819
579.85 0.016784
580.2 0.016835
580.55 0.016866
580.9 0.016886
581.25 0.016935
581.6 0.01693
581.95 0.016972
582.29 0.017041
582.64 0.016993
582.99 0.017032
583.34 0.017079
583.69 0.017103
584.04 0.017198
584.39 0.01717
584.74 0.017221
585.09 0.017216
585.43 0.017282
585.78 0.017303
586.13 0.017378
586.48 0.017324
586.83 0.017401
587.18 0.017459
587.52 0.017422
587.87 0.017554
588.22 0.017487
588.57 0.017541
588.92 0.017593
589.27 0.017625
589.61 0.017647
589.96 0.017685
590.31 0.017708
590.66 0.017758
591.01 0.017768
591.35 0.017867
591.7 0.017851
592.05 0.017866
592.4 0.017904
592.74 0.017973
593.09 0.017934
593.44 0.018027
593.79 0.018035
594.13 0.018087
594.48 0.018058
594.83 0.018095
595.17 0.018166
595.52 0.018169
595.87 0.018191
596.22 0.018211
596.56 0.018242
596.91 0.018246
597.26 0.018245
597.6 0.018252
597.95 0.018338
598.3 0.018325
598.64 0.018352
598.99 0.018437
599.34 0.018393
599.68 0.01843
600.03 0.01847
600.38 0.018446
600.72 0.018492
601.07 0.018583
601.42 0.018514
601.76 0.018623
602.11 0.018589
602.46 0.018637
602.8 0.018629
603.15 0.01872
603.49 0.01865
603.84 0.018741
604.18 0.018767
604.53 0.018763
604.88 0.018811
605.22 0.018835
605.57 0.018879
605.91 0.018879
606.26 0.018933
606.61 0.018968
606.95 0.018974
607.3 0.019039
607.64 0.019031
607.99 0.019073
608.33 0.019133
608.68 0.01921
609.02 0.019152
609.37 0.019229
609.71 0.019283
610.06 0.019277
610.4 0.019386
610.75 0.01936
611.09 0.01937
611.44 0.019482
611.78 0.019521
612.13 0.019542
612.47 0.019599
612.82 0.019637
613.16 0.019656
613.51 0.019708
613.85 0.019733
614.2 0.019794
614.54 0.019841
614.88 0.01988
615.23 0.019916
615.57 0.019981
615.92 0.020004
616.26 0.020051
616.61 0.020098
616.95 0.020157
617.29 0.020155
617.64 0.020214
617.98 0.020265
618.33 0.020344
618.67 0.020394
619.01 0.020425
619.36 0.020503
619.7 0.020541
620.04 0.020617
620.39 0.020613
620.73 0.020706
621.08 0.020748
621.42 0.020814
621.76 0.02086
622.11 0.020934
622.45 0.020993
622.79 0.021005
623.13 0.021128
623.48 0.021129
623.82 0.021285
624.16 0.021234
624.51 0.021275
624.85 0.021397
625.19 0.021429
625.54 0.021499
625.88 0.021546
626.22 0.021677
626.57 0.021722
626.91 0.021676
627.25 0.021877
627.59 0.021825
627.93 0.021889
628.28 0.021997
628.62 0.02204
628.96 0.022046
629.3 0.022171
629.65 0.022195
629.99 0.022312
630.33 0.022342
630.67 0.022433
631.02 0.022476
631.36 0.022597
631.7 0.022602
632.04 0.022696
632.38 0.022676
632.73 0.022808
633.07 0.022818
633.41 0.022929
633.75 0.022972
634.09 0.023026
634.43 0.023073
634.77 0.023215
635.12 0.023197
635.46 0.02332
635.8 0.023329
636.14 0.023362
636.48 0.023495
636.82 0.023534
637.16 0.023622
637.51 0.023644
637.85 0.023714
638.19 0.023712
638.53 0.023877
638.87 0.023839
639.21 0.023992
639.55 0.024079
639.89 0.024073
640.23 0.024167
640.57 0.024243
640.91 0.02435
641.26 0.024358
641.6 0.024416
641.94 0.02457
642.28 0.024537
642.62 0.024562
642.96 0.024701
643.3 0.02479
643.64 0.024735
643.98 0.024898
644.32 0.02488
644.66 0.024996
645 0.025057
645.34 0.025148
645.68 0.025204
646.02 0.025285
646.36 0.025296
646.7 0.025342
647.04 0.025475
647.38 0.025481
647.72 0.025575
648.06 0.02556
648.4 0.025631
648.74 0.025795
649.08 0.025795
649.41 0.025832
649.75 0.025891
650.09 0.026017
650.43 0.026048
650.77 0.026045
651.11 0.026209
651.45 0.026208
651.79 0.026338
652.13 0.026366
652.47 0.026411
652.81 0.026535
653.14 0.026613
653.48 0.02661
653.82 0.026713
654.16 0.026732
654.5 0.026924
654.84 0.026889
655.18 0.026987
655.51 0.0271
655.85 0.027122
656.19 0.027187
656.53 0.027303
656.87 0.027324
657.21 0.027476
657.54 0.027444
657.88 0.02769
658.22 0.027569
658.56 0.027706
658.9 0.02783
659.24 0.027851
659.57 0.027952
659.91 0.028055
660.25 0.028072
660.59 0.028208
660.92 0.028241
661.26 0.028371
661.6 0.028434
661.94 0.028537
662.27 0.028611
662.61 0.028627
662.95 0.028805
663.29 0.028846
663.63 0.028918
663.96 0.029036
664.3 0.029096
664.64 0.029202
664.97 0.029255
665.31 0.029348
665.65 0.029433
665.98 0.029498
666.32 0.029587
666.66 0.029717
667 0.029784
667.33 0.029816
667.67 0.029977
668.01 0.030064
668.34 0.030054
668.68 0.03022
669.01 0.030278
669.35 0.030354
669.69 0.030442
670.02 0.030512
670.36 0.030628
670.7 0.030731
671.03 0.030771
671.37 0.030899
671.71 0.030996
672.04 0.031053
672.38 0.031093
672.71 0.031288
673.05 0.031253
673.38 0.031393
673.72 0.031515
674.06 0.031626
674.39 0.031652
674.73 0.031834
675.06 0.032031
675.4 0.031976
675.74 0.032059
676.07 0.032085
676.41 0.032323
676.74 0.032393
677.08 0.032486
677.41 0.03263
677.75 0.032648
678.08 0.032855
678.42 0.032869
678.75 0.033134
679.09 0.033129
679.42 0.033214
679.76 0.033395
680.09 0.033514
680.43 0.033654
680.76 0.033796
681.1 0.033782
681.43 0.034045
681.77 0.033991
682.1 0.034269
682.43 0.034325
682.77 0.034422
683.1 0.034668
683.44 0.034732
683.77 0.034863
684.11 0.034935
684.44 0.035112
684.78 0.035203
685.11 0.035351
685.44 0.03546
685.78 0.035554
686.11 0.035695
686.45 0.035832
686.78 0.035963
687.11 0.036062
687.45 0.036131
687.78 0.036332
688.12 0.036481
688.45 0.03657
688.78 0.03677
689.12 0.036739
689.45 0.036902
689.78 0.037124
690.12 0.037183
690.45 0.037304
690.78 0.037507
691.12 0.037512
691.45 0.037674
691.78 0.037811
692.12 0.037874
692.45 0.037987
692.78 0.038175
693.11 0.038228
693.45 0.038433
693.78 0.038491
694.11 0.038655
694.45 0.038798
694.78 0.038918
695.11 0.039021
695.44 0.039082
695.78 0.039351
696.11 0.039332
696.44 0.039517
696.77 0.039656
697.11 0.039757
697.44 0.039977
697.77 0.039974
698.1 0.04016
698.43 0.040282
698.77 0.040465
699.1 0.040544
699.43 0.04074
699.76 0.04083
700.1 0.041002
700.43 0.041116
700.76 0.041351
701.09 0.041467
701.42 0.041418
701.75 0.041681
702.09 0.042002
702.42 0.042063
702.75 0.042228
703.08 0.042293
703.41 0.042554
703.74 0.042669
704.07 0.042829
704.4 0.043007
704.74 0.043113
705.07 0.043281
705.4 0.043346
705.73 0.043575
706.06 0.043647
706.39 0.043874
706.72 0.044023
707.05 0.044148
707.38 0.044403
707.71 0.044575
708.04 0.044749
708.38 0.044811
708.71 0.044949
709.04 0.045253
709.37 0.045339
709.7 0.045366
710.03 0.045551
710.36 0.045745
710.69 0.045813
711.02 0.046033
711.35 0.046109
711.68 0.04639
712.01 0.04653
712.34 0.046607
712.67 0.046713
713 0.046838
713.33 0.047061
713.66 0.047212
713.99 0.047242
714.32 0.047623
714.65 0.047673
714.98 0.047829
715.31 0.048066
715.64 0.048206
715.97 0.048209
716.3 0.048441
716.63 0.048529
716.96 0.048731
717.28 0.048869
717.61 0.049089
717.94 0.049166
718.27 0.049508
718.6 0.049812
718.93 0.049722
719.26 0.050034
719.59 0.050259
719.92 0.0503
720.25 0.050351
720.58 0.050816
720.9 0.050709
721.23 0.050859
721.56 0.051213
721.89 0.051202
722.22 0.051462
722.55 0.051582
722.88 0.051676
723.2 0.051981
723.53 0.052127
723.86 0.052276
724.19 0.052455
724.52 0.052691
724.85 0.052858
725.17 0.052966
725.5 0.053223
725.83 0.053363
726.16 0.053666
726.49 0.053769
726.81 0.053994
727.14 0.054213
727.47 0.054027
727.8 0.054465
728.12 0.054709
728.45 0.054825
728.78 0.054943
729.11 0.055314
729.43 0.055395
729.76 0.055563
730.09 0.055593
730.42 0.05608
730.74 0.056091
731.07 0.056489
731.4 0.056501
731.73 0.056768
732.05 0.056774
732.38 0.057112
732.71 0.057355
733.03 0.057181
733.36 0.057649
733.69 0.057939
734.01 0.058031
734.34 0.058368
734.67 0.058392
734.99 0.058638
735.32 0.058642
735.65 0.059255
735.97 0.059168
736.3 0.059609
736.63 0.059616
736.95 0.059836
737.28 0.060115
737.6 0.060186
737.93 0.060418
738.26 0.060831
738.58 0.060707
738.91 0.061003
739.23 0.06166
739.56 0.06177
739.89 0.06197
740.21 0.062186
740.54 0.062414
740.86 0.062665
741.19 0.062903
741.51 0.063273
741.84 0.063455
742.17 0.063593
742.49 0.063776
742.82 0.064156
743.14 0.064423
743.47 0.064744
743.79 0.06497
744.12 0.065209
744.44 0.065492
744.77 0.065609
745.09 0.066076
745.42 0.066422
745.74 0.066618
746.07 0.06673
746.39 0.067196
746.72 0.067249
747.04 0.067521
747.37 0.068091
747.69 0.068235
748.02 0.068308
748.34 0.06879
748.66 0.06886
748.99 0.069263
749.31 0.069691
749.64 0.069781
749.96 0.07005
750.29 0.070545
750.61 0.070932
750.93 0.070976
751.26 0.071523
751.58 0.071478
751.91 0.071685
752.23 0.072156
752.55 0.072307
752.88 0.072706
753.2 0.072957
753.53 0.072948
753.85 0.073599
754.17 0.073732
754.5 0.073757
754.82 0.074363
755.14 0.07462
755.47 0.074872
755.79 0.075131
756.12 0.075391
756.44 0.075829
756.76 0.076348
757.09 0.076678
757.41 0.076789
757.73 0.076832
758.05 0.077474
758.38 0.077711
758.7 0.077978
759.02 0.078268
759.35 0.078802
759.67 0.078914
759.99 0.079528
760.31 0.079623
760.64 0.080046
760.96 0.08044
761.28 0.080394
761.6 0.081235
761.93 0.081344
762.25 0.08153
762.57 0.081878
762.89 0.082534
763.22 0.082487
763.54 0.083169
763.86 0.083543
764.18 0.083874
764.51 0.08403
764.83 0.0845
765.15 0.084839
765.47 0.085088
765.79 0.085535
766.11 0.086014
766.44 0.086301
766.76 0.086447
767.08 0.086821
767.4 0.087265
767.72 0.087736
768.04 0.088003
768.37 0.087914
768.69 0.088818
769.01 0.088945
769.33 0.089458
769.65 0.089843
769.97 0.090336
770.29 0.09056
770.61 0.091214
770.93 0.091272
771.26 0.091843
771.58 0.09205
771.9 0.092728
772.22 0.093045
772.54 0.093616
772.86 0.094017
773.18 0.094653
773.5 0.094942
773.82 0.095546
774.14 0.096051
774.46 0.096616
774.78 0.096601
775.1 0.097558
775.42 0.098153
775.75 0.098692
776.07 0.099355
776.38 0.099705
776.71 0.10043
777.02 0.10123
777.35 0.10163
777.66 0.10206
777.99 0.10243
778.3 0.10312
778.63 0.10342
778.95 0.10412
779.26 0.10424
779.58 0.10478
779.9 0.10545
780.22 0.10564
780.54 0.10635
780.86 0.10649
781.18 0.107
781.5 0.10687
781.82 0.10776
782.14 0.10751
782.46 0.10791
782.78 0.10827
783.1 0.10804
783.42 0.10829
783.74 0.10879
784.05 0.10879
784.37 0.10909
784.69 0.10938
785.01 0.10925
785.33 0.10925
785.65 0.10895
785.97 0.10952
786.29 0.10907
786.61 0.10948
786.92 0.10941
787.24 0.10949
787.56 0.10929
787.88 0.10936
788.2 0.10952
788.51 0.1095
788.83 0.10966
789.15 0.10942
789.47 0.10982
789.79 0.10986
790.11 0.11006
790.42 0.11028
790.74 0.11012
791.06 0.11055
791.38 0.11067
791.7 0.11009
792.01 0.11078
792.33 0.1107
792.65 0.11097
792.97 0.11076
793.28 0.11162
793.6 0.11111
793.92 0.11165
794.24 0.11167
794.55 0.11199
794.87 0.11193
795.19 0.11238
795.51 0.11252
795.82 0.11293
796.14 0.11271
796.46 0.11324
796.77 0.11358
797.09 0.11414
797.41 0.11418
797.72 0.11425
798.04 0.11482
798.36 0.11496
798.67 0.11516
798.99 0.11603
799.31 0.11581
799.62 0.1166
799.94 0.11668
800.26 0.11718
800.57 0.11787
800.89 0.11776
801.21 0.11823
801.52 0.11835
801.84 0.11882
802.15 0.11954
802.47 0.11991
802.79 0.12067
803.1 0.12113
803.42 0.12129
803.73 0.12164
804.05 0.12232
804.37 0.12285
804.68 0.12342
805 0.12405
805.31 0.12452
805.63 0.12492
805.94 0.12534
806.26 0.12627
806.57 0.12724
806.89 0.12721
807.21 0.12771
807.52 0.12841
807.84 0.12895
808.15 0.12987
808.47 0.13031
808.78 0.13055
809.1 0.13135
809.41 0.1324
809.73 0.1323
810.04 0.13295
810.36 0.13409
810.67 0.13431
810.99 0.13511
811.3 0.13554
811.61 0.13623
811.93 0.13723
812.24 0.13764
812.56 0.13854
812.87 0.13914
813.19 0.13965
813.5 0.14076
813.82 0.14113
814.13 0.14128
814.44 0.1424
814.76 0.14298
815.07 0.14295
815.38 0.14386
815.7 0.14466
816.01 0.1452
816.33 0.14562
816.64 0.14656
816.95 0.14672
817.27 0.14874
817.58 0.14914
817.89 0.14989
818.21 0.15044
818.52 0.15156
818.84 0.15249
819.15 0.15302
819.46 0.15364
819.78 0.15416
820.09 0.15521
820.4 0.15615
820.72 0.15752
821.03 0.15776
821.34 0.15909
821.65 0.1597
821.97 0.1601
822.28 0.16158
822.59 0.16199
822.91 0.16315
823.22 0.16397
823.53 0.16464
823.84 0.16518
824.16 0.16537
824.47 0.16712
824.78 0.16726
825.09 0.16932
825.41 0.16916
825.72 0.17069
826.03 0.17198
826.34 0.17263
826.65 0.17325
826.97 0.17299
827.28 0.17459
827.59 0.17535
827.9 0.17709
828.22 0.17794
828.53 0.17864
828.84 0.17939
829.15 0.18126
829.46 0.1816
829.77 0.18287
830.09 0.18381
830.4 0.18418
830.71 0.1851
831.02 0.18702
831.33 0.18726
831.64 0.18823
831.96 0.18942
832.27 0.18982
832.58 0.19047
832.89 0.19187
833.2 0.19315
833.51 0.19436
833.82 0.19528
834.13 0.19608
834.44 0.19708
834.75 0.1987
835.07 0.19883
835.38 0.19943
835.69 0.20162
836 0.20135
836.31 0.20324
836.62 0.20431
836.93 0.20517
837.24 0.20539
837.55 0.20697
837.86 0.2085
838.17 0.20986
838.48 0.2108
838.79 0.21057
839.1 0.21118
839.41 0.21264
839.72 0.213
840.03 0.21423
840.34 0.21583
840.65 0.21789
840.96 0.21926
841.27 0.2194
841.58 0.22099
841.89 0.22156
842.2 0.22184
842.51 0.22374
842.82 0.22371
843.13 0.22559
843.44 0.2259
843.75 0.22798
844.06 0.22844
844.37 0.22866
844.67 0.22999
844.99 0.23205
845.29 0.23386
845.6 0.23525
845.91 0.23598
846.22 0.23783
846.53 0.23933
846.84 0.2396
847.15 0.24124
847.46 0.24211
847.76 0.24383
848.07 0.24563
848.38 0.24543
848.69 0.2466
849 0.24903
849.31 0.24969
849.62 0.25115
849.92 0.25296
850.23 0.25362
850.54 0.25516
850.85 0.25681
851.16 0.2581
851.47 0.25878
851.77 0.26072
852.08 0.26235
852.39 0.26278
852.7 0.26505
853.01 0.26561
853.31 0.26876
853.62 0.26887
853.93 0.27036
854.24 0.27396
854.54 0.2751
854.85 0.27512
855.16 0.278
855.47 0.27991
855.77 0.28127
856.08 0.28336
856.39 0.2837
856.7 0.28757
857 0.28631
857.31 0.28938
857.62 0.29158
857.92 0.29288
858.23 0.29392
858.54 0.29486
858.85 0.29751
859.15 0.29863
859.46 0.29818
859.77 0.3017
860.07 0.3025
860.38 0.30384
860.69 0.3045
860.99 0.30779
861.3 0.30801
861.61 0.30986
861.91 0.31212
862.22 0.31315
862.52 0.31426
862.83 0.31688
863.14 0.31735
863.44 0.31982
863.75 0.3221
864.06 0.32202
864.36 0.32473
864.67 0.32602
864.97 0.32562
865.28 0.32745
865.59 0.33177
865.89 0.3336
866.2 0.33463
866.5 0.33749
866.81 0.34002
867.11 0.34031
867.42 0.34206
867.73 0.34314
868.03 0.34628
868.34 0.34914
868.64 0.34991
868.95 0.35317
869.25 0.35363
869.56 0.35586
869.86 0.35792
870.17 0.36192
870.47 0.36169
870.78 0.36341
871.08 0.36598
871.39 0.36984
871.69 0.37077
872 0.37361
872.3 0.37469
872.61 0.37653
872.91 0.3805
873.21 0.38088
873.52 0.38262
873.82 0.38715
874.13 0.38931
874.43 0.38885
874.74 0.39364
875.04 0.3974
875.34 0.39745
875.65 0.40293
875.95 0.40504
876.26 0.4064
876.56 0.40751
876.86 0.41022
877.17 0.4121
877.47 0.4165
877.78 0.41834
878.08 0.42256
878.38 0.42713
878.69 0.42784
878.99 0.43168
879.29 0.43453
879.6 0.43591
879.9 0.4385
880.2 0.44256
880.51 0.44586
880.81 0.44957
881.11 0.45176
881.42 0.45438
881.72 0.45589
882.02 0.45691
882.33 0.46347
882.63 0.46498
882.93 0.4693
883.24 0.47123
883.54 0.47243
883.84 0.47793
884.14 0.48156
884.45 0.48127
884.75 0.48573
885.05 0.49004
885.35 0.49318
885.66 0.49766
885.96 0.50141
886.26 0.50496
886.56 0.508
886.87 0.5105
887.17 0.51748
887.47 0.52327
887.77 0.52612
888.07 0.53241
888.38 0.5381
888.68 0.54158
888.98 0.54629
889.28 0.54641
889.58 0.55282
889.88 0.55729
890.19 0.56445
890.49 0.56724
890.79 0.57196
891.09 0.57447
891.39 0.57983
891.69 0.58466
892 0.59022
892.3 0.59185
892.6 0.59485
892.9 0.60074
893.2 0.60185
893.5 0.60521
893.8 0.60682
894.1 0.61099
894.4 0.61098
894.71 0.6141
895.01 0.61939
895.31 0.6256
895.61 0.6257
895.91 0.63231
896.21 0.63335
896.51 0.63657
896.81 0.63813
897.11 0.63592
897.41 0.64066
897.71 0.64309
898.01 0.64061
898.31 0.64453
898.61 0.64445
898.91 0.64514
899.21 0.6464
899.51 0.6464
899.81 0.64848
900.11 0.65015
900.41 0.65189
900.71 0.65097
901.01 0.65293
901.31 0.65394
901.61 0.65217
901.91 0.65294
902.21 0.65286
902.51 0.6549
902.81 0.65795
903.11 0.65807
903.41 0.65933
903.71 0.66104
904.01 0.66458
904.31 0.65927
904.61 0.66939
904.91 0.66623
905.21 0.66928
905.51 0.66978
905.8 0.67476
906.1 0.67999
906.4 0.68302
906.7 0.68451
907 0.68223
907.3 0.69313
907.6 0.69105
907.9 0.69649
908.2 0.6969
908.49 0.69567
908.79 0.6952
909.09 0.6971
909.39 0.70034
909.69 0.70203
909.99 0.70163
910.28 0.70776
910.58 0.71498
910.88 0.71499
911.18 0.71759
911.48 0.72527
911.77 0.71792
912.07 0.71867
912.37 0.72365
912.67 0.72606
912.97 0.72816
913.26 0.73221
913.56 0.73693
913.86 0.73957
914.16 0.74091
914.45 0.74097
914.75 0.74579
915.05 0.74543
915.35 0.74784
915.64 0.74913
915.94 0.75204
916.24 0.75281
916.54 0.75788
916.83 0.76407
917.13 0.75967
917.43 0.76749
917.72 0.77037
918.02 0.77047
918.32 0.77806
918.62 0.78482
918.91 0.78974
919.21 0.79407
919.51 0.80087
919.8 0.80578
920.1 0.80438
920.39 0.81166
920.69 0.81745
920.99 0.82417
921.28 0.82978
921.58 0.84063
921.88 0.84459
922.17 0.86029
922.47 0.86631
922.76 0.86963
923.06 0.87348
923.36 0.87355
923.65 0.88641
923.95 0.89496
924.25 0.90058
924.54 0.91514
924.84 0.92263
925.13 0.93474
925.43 0.93892
925.72 0.94055
926.02 0.93839
926.32 0.94634
926.61 0.94849
926.91 0.95025
927.2 0.96351
927.5 0.96472
927.79 0.96939
928.09 0.96987
928.38 0.97164
928.68 0.9773
928.97 0.98714
929.27 0.98629
929.56 0.99196
929.86 1
930.15 0
930.45 0
930.74 0
931.04 0
931.33 0
931.63 0
931.92 0
932.21 0
932.51 0
932.8 0
933.1 0
933.39 0
933.69 0
933.98 0
934.27 0
934.57 0
934.86 0
935.16 0
935.45 0
935.74 0
936.04 0
936.33 0
936.63 0
936.92 0
937.21 0
937.51 0
937.8 0
938.09 0
938.39 0
938.68 0
938.97 0
939.27 0
939.56 0
939.85 0
940.15 0
940.44 0
940.73 0
941.02 0
941.32 0
941.61 0
941.9 0
942.2 0
942.49 0
942.78 0
943.08 0
943.37 0
943.66 0
943.95 0
944.25 0
944.54 0
944.83 0
945.12 0
945.41 0
945.71 0
946 0
946.29 0
946.58 0
946.87 0
947.17 0
947.46 0
947.75 0
948.04 0
948.33 0
948.62 0
948.92 0
949.21 0
949.5 0
949.79 0
950.08 0
950.37 0
950.66 0
950.96 0
951.25 0
951.54 0
951.83 0
952.12 0
952.41 0
952.7 0
952.99 0
953.28 0
953.57 0
953.87 0
954.16 0
954.45 0
954.74 0
955.03 0
955.32 0
955.61 0
955.9 0
956.19 0
956.48 0
956.77 0
957.06 0
957.35 0
957.64 0
957.93 0
958.22 0
958.51 0
958.8 0
959.09 0
959.38 0
959.67 0
959.96 0
960.25 0
960.54 0
960.83 0
961.12 0
961.4 0
961.7 0
961.98 0
962.27 0
962.56 0
962.85 0
963.14 0
963.43 0
963.72 0
964.01 0
964.3 0
964.59 0
964.87 0
965.16 0
965.45 0
965.74 0
966.03 0
966.32 0
966.61 0
966.89 0
967.18 0
967.47 0
967.76 0
968.05 0
968.34 0
968.62 0
968.91 0
969.2 0
969.49 0
969.77 0
970.06 0
970.35 0
970.64 0
970.93 0
971.21 0
971.5 0
971.79 0
972.08 0
972.36 0
972.65 0
972.94 0
973.23 0
973.51 0
973.8 0
974.09 0
974.37 0
974.66 0
974.95 0
975.24 0
975.52 0
975.81 0
976.1 0
976.38 0
976.67 0
976.96 0
977.24 0
977.53 0
977.82 0
978.1 0
978.39 0
978.67 0
978.96 0
979.25 0
979.53 0
979.82 0
980.1 0
980.39 0
980.68 0
980.96 0
981.25 0
981.53 0
981.82 0
982.11 0
982.39 0
982.68 0
982.96 0
983.25 0
983.53 0
983.82 0
984.1 0
984.39 0
984.67 0
984.96 0
985.24 0
985.53 0
985.81 0
986.1 0
986.38 0
986.67 0
986.95 0
987.24 0
987.52 0
987.81 0
988.09 0
988.38 0
988.66 0
988.95 0
989.23 0
989.51 0
989.8 0
990.08 0
990.37 0
990.65 0
990.93 0
991.22 0
991.5 0
991.79 0
992.07 0
992.36 0
992.64 0
992.92 0
993.21 0
993.49 0
993.77 0
994.06 0
994.34 0
994.62 0
994.91 0
995.19 0
995.47 0
995.76 0
996.04 0
996.32 0
996.61 0
996.89 0
997.17 0
997.46 0
997.74 0
998.02 0
998.3 0
998.59 0
998.87 0
999.15 0
999.43 0
999.72 0
1000 0
1000.3 0
1000.6 0
1000.8 0
1001.1 0
1001.4 0
1001.7 0
1002 0
1002.3 0
1002.5 0
1002.8 0
1003.1 0
1003.4 0
1003.7 0
1003.9 0
1004.2 0
1004.5 0
1004.8 0
1005.1 0
1005.4 0
1005.6 0
1005.9 0
1006.2 0
1006.5 0
1006.8 0
1007 0
1007.3 0
1007.6 0
1007.9 0
1008.2 0
1008.4 0
1008.7 0
1009 0
1009.3 0
1009.6 0
1009.9 0
1010.1 0
1010.4 0
1010.7 0
1011 0
1011.3 0
1011.5 0
1011.8 0
1012.1 0
1012.4 0
1012.7 0
1012.9 0
1013.2 0
1013.5 0
1013.8 0
1014.1 0
1014.3 0
1014.6 0
1014.9 0
1015.2 0
1015.5 0
1015.7 0
1016 0
1016.3 0
1016.6 0
