899.42 1
901.05 0.9859
902.68 0.96925
904.3 0.95731
905.93 0.94033
907.55 0.93032
909.18 0.91144
910.8 0.89815
912.43 0.8777
914.06 0.85613
915.68 0.81803
917.31 0.77741
918.93 0.72838
920.56 0.69105
922.18 0.65872
923.8 0.63877
925.43 0.6197
927.05 0.6094
928.68 0.59649
930.3 0.58949
931.93 0.58037
933.55 0.57583
935.17 0.56891
936.8 0.56715
938.42 0.56168
940.05 0.56005
941.67 0.55499
943.29 0.55517
944.92 0.55146
946.54 0.55193
948.16 0.54843
949.79 0.54951
951.41 0.54544
953.03 0.54597
954.66 0.54181
956.28 0.5432
957.9 0.53996
959.52 0.54034
961.15 0.53636
962.77 0.53691
964.39 0.53269
966.01 0.53412
967.64 0.52967
969.26 0.52991
970.88 0.52568
972.5 0.52565
974.12 0.52122
975.75 0.52183
977.37 0.51692
978.99 0.51725
980.61 0.51172
982.23 0.51179
983.85 0.50666
985.47 0.50757
987.09 0.50196
988.71 0.50146
990.33 0.49707
991.95 0.49666
993.58 0.49171
995.2 0.49177
996.82 0.48663
998.43 0.48603
1000.1 0.48207
1001.7 0.48124
1003.3 0.4762
1004.9 0.47581
1006.5 0.47157
1008.2 0.47063
1009.8 0.46565
1011.4 0.46544
1013 0.46102
1014.6 0.4615
1016.2 0.4578
1017.9 0.45741
1019.5 0.45374
1021.1 0.45407
1022.7 0.45066
1024.3 0.45159
1026 0.44813
1027.6 0.44898
1029.2 0.4458
1030.8 0.44659
1032.4 0.44347
1034 0.44532
1035.7 0.44269
1037.3 0.44376
1038.9 0.44114
1040.5 0.44284
1042.1 0.44023
1043.8 0.44266
1045.4 0.43982
1047 0.4421
1048.6 0.43895
1050.2 0.44154
1051.8 0.43874
1053.4 0.44132
1055.1 0.43861
1056.7 0.44071
1058.3 0.43872
1059.9 0.44063
1061.5 0.43792
1063.1 0.44071
1064.8 0.43812
1066.4 0.44015
1068 0.43744
1069.6 0.43933
1071.2 0.43658
1072.8 0.4396
1074.4 0.43644
1076.1 0.43885
1077.7 0.43548
1079.3 0.43753
1080.9 0.43437
1082.5 0.43693
1084.1 0.43342
1085.7 0.43502
1087.4 0.43187
1089 0.4335
1090.6 0.43004
1092.2 0.43191
1093.8 0.42849
1095.4 0.43004
1097 0.4263
1098.6 0.42812
1100.3 0.42405
1101.9 0.42533
1103.5 0.42107
1105.1 0.42193
1106.7 0.41748
1108.3 0.41837
1109.9 0.41375
1111.5 0.41509
1113.2 0.41126
1114.8 0.41203
1116.4 0.40789
1118 0.40833
1119.6 0.40408
1121.2 0.40538
1122.8 0.40089
1124.4 0.40138
1126 0.39667
1127.6 0.39733
1129.3 0.39312
1130.9 0.39419
1132.5 0.39009
1134.1 0.39185
1135.7 0.387
1137.3 0.38761
1138.9 0.38308
1140.5 0.3847
1142.1 0.38064
1143.7 0.38172
1145.3 0.37762
1147 0.37842
1148.6 0.37428
1150.2 0.37562
1151.8 0.37213
1153.4 0.37297
1155 0.3695
1156.6 0.37045
1158.2 0.36705
1159.8 0.36867
1161.4 0.36562
1163 0.3672
1164.6 0.36394
1166.2 0.36547
1167.9 0.36258
1169.5 0.36426
1171.1 0.36144
1172.7 0.36347
1174.3 0.35991
1175.9 0.36194
1177.5 0.35916
1179.1 0.36165
1180.7 0.35846
1182.3 0.36057
1183.9 0.35838
1185.5 0.35972
1187.1 0.35739
1188.7 0.35984
1190.3 0.35725
1191.9 0.35945
1193.5 0.35641
1195.1 0.35886
1196.7 0.35608
1198.3 0.35897
1199.9 0.35619
1201.5 0.35792
1203.2 0.35585
1204.8 0.35753
1206.4 0.35515
1208 0.35832
1209.6 0.35603
1211.2 0.35775
1212.8 0.35476
1214.4 0.35668
1216 0.35322
1217.6 0.35565
1219.2 0.35299
1220.8 0.35566
1222.4 0.35325
1224 0.35631
1225.6 0.35419
1227.2 0.3576
1228.8 0.35531
1230.4 0.35799
1232 0.35592
1233.6 0.35848
1235.2 0.3563
1236.8 0.35908
1238.4 0.35674
1240 0.35923
1241.6 0.35633
1243.2 0.35883
1244.8 0.35626
1246.4 0.35881
1248 0.35619
1249.6 0.35828
1251.2 0.35565
1252.8 0.35728
1254.4 0.35422
1256 0.35622
1257.6 0.35377
1259.2 0.35567
1260.7 0.35254
1262.3 0.3545
1263.9 0.35118
1265.5 0.35323
1267.1 0.35046
1268.7 0.35232
1270.3 0.34907
1271.9 0.35071
1273.5 0.34798
1275.1 0.35038
1276.7 0.34698
1278.3 0.34892
1279.9 0.34532
1281.5 0.34748
1283.1 0.34409
1284.7 0.34648
1286.3 0.34295
1287.9 0.34507
1289.5 0.34144
1291.1 0.34351
1292.7 0.3401
1294.2 0.34223
1295.8 0.33934
1297.4 0.34073
1299 0.33729
1300.6 0.33932
1302.2 0.33532
1303.8 0.33728
1305.4 0.33365
1307 0.33529
1308.6 0.33135
1310.2 0.33318
1311.8 0.32922
1313.3 0.33118
1314.9 0.32749
1316.5 0.32889
1318.1 0.32548
1319.7 0.32701
1321.3 0.32296
1322.9 0.32516
1324.5 0.32118
1326.1 0.32288
1327.7 0.31942
1329.3 0.32095
1330.8 0.31726
1332.4 0.31907
1334 0.31551
1335.6 0.3173
1337.2 0.3137
1338.8 0.31538
1340.4 0.31158
1342 0.31404
1343.5 0.31061
1345.1 0.31234
1346.7 0.30933
1348.3 0.31154
1349.9 0.30835
1351.5 0.31144
1353.1 0.3089
1354.7 0.31305
1356.2 0.30965
1357.8 0.31149
1359.4 0.30952
1361 0.31572
1362.6 0.31129
1364.2 0.31295
1365.7 0.30735
1367.3 0.31163
1368.9 0.30858
1370.5 0.31238
1372.1 0.30851
1373.7 0.31145
1375.3 0.31126
1376.8 0.31705
1378.4 0.3175
1380 0.32668
1381.6 0.32573
1383.2 0.32783
1384.7 0.32111
1386.3 0.32107
1387.9 0.31817
1389.5 0.31775
1391.1 0.31423
1392.7 0.31753
1394.2 0.31335
1395.8 0.31699
1397.4 0.30881
1399 0.31251
1400.6 0.31046
1402.1 0.30897
1403.7 0.30636
1405.3 0.30925
1406.9 0.30475
1408.5 0.3074
1410 0.30302
1411.6 0.30468
1413.2 0.30189
1414.8 0.30431
1416.4 0.29967
1417.9 0.30321
1419.5 0.29996
1421.1 0.30176
1422.7 0.29858
1424.2 0.30149
1425.8 0.29775
1427.4 0.30115
1429 0.29764
1430.5 0.30055
1432.1 0.2972
1433.7 0.29981
1435.3 0.2964
1436.8 0.29971
1438.4 0.29624
1440 0.29906
1441.6 0.29575
1443.1 0.29859
1444.7 0.29604
1446.3 0.29881
1447.9 0.29494
1449.4 0.29852
1451 0.29565
1452.6 0.29833
1454.2 0.29557
1455.7 0.29951
1457.3 0.29621
1458.9 0.29928
1460.5 0.29592
1462 0.29932
1463.6 0.29575
1465.2 0.29953
1466.7 0.29647
1468.3 0.29982
1469.9 0.29679
1471.5 0.29996
1473 0.2969
1474.6 0.30054
1476.2 0.29733
1477.7 0.30073
1479.3 0.29769
1480.9 0.30093
1482.4 0.29759
1484 0.30158
1485.6 0.29817
1487.1 0.30157
1488.7 0.29869
1490.3 0.30183
1491.8 0.29866
1493.4 0.3027
1495 0.29921
1496.5 0.30311
1498.1 0.29983
1499.7 0.30353
1501.2 0.30019
1502.8 0.30394
1504.4 0.30103
1505.9 0.30409
1507.5 0.30103
1509.1 0.30486
1510.6 0.3013
1512.2 0.30594
1513.8 0.30358
1515.3 0.3081
1516.9 0.30448
1518.5 0.30801
1520 0.30462
1521.6 0.3081
1523.1 0.30394
1524.7 0.30712
1526.3 0.30303
1527.8 0.30611
1529.4 0.30177
1531 0
1532.5 0
1534.1 0
1535.6 0
1537.2 0
1538.8 0
1540.3 0
1541.9 0
1543.4 0
1545 0
1546.6 0
1548.1 0
1549.7 0
1551.2 0
1552.8 0
1554.4 0
1555.9 0
1557.5 0
1559 0
1560.6 0
1562.1 0
1563.7 0
1565.3 0
1566.8 0
1568.4 0
1569.9 0
1571.5 0
1573 0
1574.6 0
1576.1 0
1577.7 0
1579.3 0
1580.8 0
1582.4 0
1583.9 0
1585.5 0
1587 0
1588.6 0
1590.1 0
1591.7 0
1593.2 0
1594.8 0
1596.3 0
1597.9 0
1599.4 0
1601 0
1602.5 0
1604.1 0
1605.6 0
1607.2 0
1608.7 0
1610.3 0
1611.8 0
1613.4 0
1614.9 0
1616.5 0
1618 0
1619.6 0
1621.1 0
1622.7 0
1624.2 0
1625.8 0
1627.3 0
1628.8 0
1630.4 0
1631.9 0
1633.5 0
1635 0
1636.6 0
1638.1 0
1639.7 0
1641.2 0
1642.7 0
1644.3 0
1645.8 0
1647.4 0
1648.9 0
1650.5 0
1652 0
1653.5 0
1655.1 0
1656.6 0
1658.2 0
1659.7 0
1661.2 0
1662.8 0
1664.3 0
1665.9 0
1667.4 0
1668.9 0
1670.5 0
1672 0
1673.6 0
1675.1 0
1676.6 0
1678.2 0
1679.7 0
1681.2 0
1682.8 0
1684.3 0
1685.9 0
1687.4 0
1688.9 0
1690.5 0
1692 0
1693.5 0
1695.1 0
1696.6 0
1698.1 0
1699.7 0
1701.2 0
1702.7 0
1704.3 0
1705.8 0
1707.3 0
1708.9 0
