339.41	0
339.79	0
340.17	0
340.55	0
340.93	0
341.31	0
341.69	0
342.07	0
342.45	0
342.84	0
343.22	0
343.6	0
343.98	0
344.36	0
344.74	0
345.12	0
345.5	0
345.88	0
346.26	0
346.64	0
347.02	0
347.4	0
347.78	0
348.17	0
348.55	0
348.93	0
349.31	0
349.69	0
350.07	0
350.44	0
350.82	0
351.2	0
351.58	0
351.96	0
352.34	0
352.72	0
353.1	0
353.48	0
353.86	0
354.24	0
354.62	0
355	0
355.38	0
355.76	0
356.14	0
356.52	0
356.9	0
357.28	0
357.66	0
358.04	0
358.41	0
358.79	0
359.17	0
359.55	0
359.93	0
360.31	0
360.69	0
361.07	0
361.44	0
361.82	0
362.2	0
362.58	0
362.96	0
363.34	0
363.71	0
364.09	0
364.47	0
364.85	0
365.23	0
365.61	0
365.98	0
366.36	0
366.74	0
367.12	0
367.5	0
367.87	0
368.25	0
368.63	0
369.01	0
369.38	0
369.76	0
370.14	0
370.51	0
370.89	0
371.27	0
371.65	0
372.02	0
372.4	0
372.78	0
373.16	0
373.53	0
373.91	0
374.29	0
374.66	0
375.04	0
375.42	0
375.79	0
376.17	0
376.55	0
376.92	0
377.3	0
377.68	0
378.05	0
378.43	0
378.81	0
379.18	0
379.56	0
379.94	0
380.31	0
380.69	0
381.06	0
381.44	0
381.82	0
382.19	0
382.57	0
382.94	0
383.32	0
383.69	0
384.07	0
384.45	0
384.82	0
385.2	0
385.57	0
385.95	0.03987
386.32	0.04024
386.7	0.03986
387.07	0.04035
387.45	0.04014
387.82	0.03986
388.2	0.03987
388.58	0.04012
388.95	0.04013
389.33	0.04022
389.7	0.03977
390.07	0.04014
390.45	0.04009
390.82	0.0401
391.2	0.04007
391.57	0.03961
391.95	0.04022
392.32	0.03995
392.7	0.04007
393.07	0.04017
393.45	0.04004
393.82	0.03981
394.2	0.03944
394.57	0.03952
394.94	0.03953
395.32	0.03952
395.69	0.0396
396.07	0.03902
396.44	0.03936
396.82	0.03935
397.19	0.03957
397.56	0.0393
397.94	0.03889
398.31	0.03933
398.69	0.03892
399.06	0.03895
399.43	0.03888
399.81	0.03847
400.18	0.03871
400.55	0.03843
400.93	0.03835
401.3	0.03854
401.67	0.038
402.05	0.03814
402.42	0.03818
402.79	0.03789
403.17	0.03778
403.54	0.03755
403.91	0.03736
404.29	0.03737
404.66	0.03741
405.03	0.03691
405.41	0.03711
405.78	0.03706
406.15	0.03686
406.52	0.03688
406.9	0.03664
407.27	0.0366
407.64	0.03656
408.01	0.0364
408.39	0.03648
408.76	0.03669
409.13	0.03631
409.51	0.03646
409.88	0.03634
410.25	0.03628
410.62	0.036
410.99	0.03596
411.37	0.03601
411.74	0.03594
412.11	0.03593
412.48	0.03588
412.85	0.036
413.23	0.03588
413.6	0.036
413.97	0.03626
414.34	0.03609
414.71	0.03581
415.08	0.03586
415.46	0.0355
415.83	0.03582
416.2	0.03602
416.57	0.03616
416.94	0.03532
417.31	0.03555
417.69	0.03577
418.06	0.03631
418.43	0.03534
418.8	0.03602
419.17	0.03616
419.54	0.03606
419.91	0.03621
420.28	0.03613
420.65	0.03646
421.03	0.03623
421.4	0.03631
421.77	0.03636
422.14	0.03619
422.51	0.0363
422.88	0.03606
423.25	0.036
423.62	0.03615
423.99	0.03587
424.36	0.03584
424.73	0.03561
425.1	0.0361
425.47	0.03564
425.84	0.03574
426.21	0.03564
426.58	0.03543
426.95	0.03527
427.32	0.03555
427.69	0.03522
428.06	0.03512
428.43	0.0351
428.8	0.03503
429.17	0.03514
429.54	0.03473
429.91	0.03454
430.28	0.03448
430.65	0.03456
431.02	0.03428
431.39	0.03429
431.76	0.03406
432.13	0.03409
432.5	0.03379
432.87	0.03368
433.24	0.03372
433.61	0.03332
433.98	0.03328
434.35	0.03282
434.71	0.03319
435.08	0.03267
435.45	0.03273
435.82	0.03242
436.19	0.03228
436.56	0.03231
436.93	0.0319
437.3	0.03183
437.67	0.03145
438.04	0.0313
438.4	0.03106
438.77	0.03104
439.14	0.03046
439.51	0.03035
439.88	0.03014
440.25	0.02975
440.61	0.02934
440.98	0.02912
441.35	0.02906
441.72	0.02892
442.09	0.02848
442.45	0.02824
442.82	0.02783
443.19	0.02752
443.56	0.0273
443.93	0.02693
444.3	0.02643
444.66	0.02627
445.03	0.02602
445.4	0.02558
445.77	0.02533
446.13	0.02504
446.5	0.02473
446.87	0.02446
447.24	0.02406
447.6	0.0239
447.97	0.02357
448.34	0.02345
448.71	0.02319
449.07	0.02298
449.44	0.02254
449.81	0.02231
450.17	0.0222
450.54	0.02185
450.91	0.02169
451.27	0.02146
451.64	0.02113
452.01	0.02107
452.38	0.02081
452.74	0.0205
453.11	0.02045
453.48	0.02019
453.84	0.01994
454.21	0.01974
454.57	0.01965
454.94	0.01943
455.31	0.01919
455.68	0.01911
456.04	0.01887
456.41	0.01876
456.77	0.0186
457.14	0.01845
457.51	0.01832
457.87	0.01813
458.24	0.01808
458.6	0.01796
458.97	0.01781
459.33	0.01772
459.7	0.01752
460.07	0.01748
460.43	0.01749
460.8	0.01726
461.16	0.01727
461.53	0.0171
461.89	0.01708
462.26	0.01697
462.63	0.01695
462.99	0.01681
463.36	0.01674
463.72	0.01671
464.09	0.01662
464.45	0.01663
464.82	0.01655
465.18	0.01645
465.55	0.01639
465.91	0.01637
466.28	0.01635
466.64	0.01632
467.01	0.01622
467.37	0.0162
467.74	0.0162
468.1	0.0162
468.47	0.01619
468.83	0.01611
469.19	0.01614
469.56	0.01612
469.92	0.01606
470.29	0.01609
470.65	0.01606
471.02	0.01604
471.38	0.01602
471.75	0.016
472.11	0.01594
472.47	0.016
472.84	0.01588
473.2	0.01587
473.57	0.01587
473.93	0.01589
474.29	0.01583
474.66	0.01579
475.02	0.01581
475.38	0.01577
475.75	0.01577
476.11	0.01571
476.48	0.0157
476.84	0.01569
477.2	0.01566
477.57	0.01573
477.93	0.01564
478.29	0.01564
478.66	0.01566
479.02	0.01555
479.38	0.0156
479.75	0.01557
480.11	0.01554
480.47	0.01549
480.83	0.01554
481.2	0.01548
481.56	0.01546
481.92	0.01553
482.29	0.01546
482.65	0.01542
483.01	0.01545
483.38	0.01543
483.74	0.01545
484.1	0.01544
484.46	0.01543
484.82	0.01542
485.19	0.01543
485.55	0.01536
485.91	0.01539
486.27	0.0154
486.64	0.01539
487	0.01532
487.36	0.01536
487.72	0.01536
488.08	0.01535
488.45	0.01531
488.81	0.01535
489.17	0.01528
489.53	0.01537
489.89	0.01529
490.26	0.01525
490.62	0.01524
490.98	0.01527
491.34	0.01521
491.7	0.01524
492.06	0.01522
492.43	0.01525
492.79	0.01519
493.15	0.0152
493.51	0.01518
493.87	0.01517
494.23	0.01516
494.59	0.01518
494.95	0.01513
495.32	0.01517
495.68	0.01512
496.04	0.01514
496.4	0.01515
496.76	0.01513
497.12	0.01512
497.48	0.01509
497.84	0.01514
498.2	0.01512
498.56	0.0151
498.92	0.01509
499.28	0.0151
499.64	0.01507
500	0.01513
500.36	0.01504
500.73	0.01505
501.08	0.01505
501.44	0.01501
501.81	0.01505
502.17	0.01503
502.52	0.01503
502.89	0.0151
503.25	0.01501
503.61	0.01505
503.96	0.01504
504.32	0.01502
504.69	0.01501
505.05	0.01499
505.4	0.01507
505.76	0.01504
506.12	0.01502
506.48	0.01504
506.84	0.01499
507.2	0.01505
507.56	0.01501
507.92	0.01506
508.28	0.01505
508.64	0.01503
509	0.01502
509.36	0.01505
509.72	0.01511
510.08	0.01505
510.44	0.01504
510.79	0.01505
511.15	0.01505
511.51	0.01505
511.87	0.01503
512.23	0.0151
512.59	0.01505
512.95	0.01509
513.3	0.01512
513.66	0.01505
514.02	0.01511
514.38	0.01512
514.74	0.01511
515.1	0.01514
515.46	0.01511
515.81	0.0151
516.17	0.01516
516.53	0.01516
516.89	0.01513
517.25	0.01513
517.6	0.01515
517.96	0.01515
518.32	0.01519
518.68	0.01521
519.04	0.01521
519.39	0.0152
519.75	0.01529
520.11	0.01526
520.47	0.01526
520.82	0.01527
521.18	0.01526
521.54	0.01529
521.9	0.01531
522.25	0.01531
522.61	0.01533
522.97	0.01536
523.33	0.01537
523.68	0.01531
524.04	0.01544
524.4	0.01536
524.75	0.0154
525.11	0.01541
525.47	0.01544
525.83	0.01545
526.18	0.01545
526.54	0.01546
526.89	0.01551
527.25	0.0155
527.61	0.01552
527.97	0.01556
528.32	0.01554
528.68	0.01561
529.03	0.01555
529.39	0.01563
529.75	0.01565
530.1	0.01564
530.46	0.01565
530.82	0.0157
531.17	0.01568
531.53	0.01573
531.88	0.01577
532.24	0.01572
532.6	0.01578
532.95	0.01577
533.31	0.01583
533.66	0.01583
534.02	0.01585
534.38	0.0159
534.73	0.01588
535.09	0.01595
535.44	0.01594
535.8	0.01594
536.15	0.01598
536.51	0.01603
536.86	0.01601
537.22	0.01609
537.58	0.01607
537.93	0.01609
538.28	0.01615
538.64	0.01609
539	0.01619
539.35	0.01621
539.71	0.01621
540.06	0.01624
540.41	0.01621
540.77	0.0163
541.13	0.01625
541.48	0.01637
541.83	0.01633
542.19	0.01637
542.54	0.01644
542.9	0.01642
543.25	0.01645
543.61	0.01648
543.96	0.01654
544.32	0.01651
544.67	0.01662
545.02	0.01659
545.38	0.01666
545.73	0.01666
546.09	0.01669
546.44	0.01673
546.79	0.01672
547.15	0.01682
547.5	0.01678
547.86	0.01684
548.21	0.01687
548.56	0.01689
548.92	0.01694
549.27	0.01693
549.63	0.01697
549.98	0.01704
550.33	0.01699
550.68	0.01703
551.04	0.01708
551.39	0.0171
551.75	0.0172
552.1	0.01717
552.45	0.01722
552.8	0.01722
553.16	0.01728
553.51	0.0173
553.86	0.01738
554.22	0.01732
554.57	0.0174
554.92	0.01746
555.28	0.01742
555.63	0.01755
555.98	0.01749
556.33	0.01754
556.69	0.01759
557.04	0.01763
557.39	0.01765
557.74	0.01769
558.1	0.01771
558.45	0.01776
558.8	0.01777
559.15	0.01787
559.51	0.01785
559.86	0.01787
560.21	0.0179
560.56	0.01797
560.91	0.01793
561.27	0.01803
561.62	0.01804
561.97	0.01809
562.32	0.01806
562.67	0.0181
563.02	0.01817
563.38	0.01817
563.73	0.01819
564.08	0.01821
564.43	0.01824
564.78	0.01825
565.13	0.01825
565.49	0.01825
565.84	0.01834
566.19	0.01833
566.54	0.01835
566.89	0.01844
567.24	0.01839
567.59	0.01843
567.95	0.01847
568.3	0.01845
568.65	0.01849
569	0.01858
569.35	0.01851
569.7	0.01862
570.05	0.01859
570.4	0.01864
570.75	0.01863
571.1	0.01872
571.45	0.01865
571.8	0.01874
572.15	0.01877
572.5	0.01876
572.85	0.01881
573.2	0.01884
573.55	0.01888
573.9	0.01888
574.26	0.01893
574.61	0.01897
574.96	0.01897
575.3	0.01904
575.65	0.01903
576.01	0.01907
576.36	0.01913
576.71	0.01921
577.05	0.01915
577.4	0.01923
577.75	0.01928
578.1	0.01928
578.45	0.01939
578.8	0.01936
579.15	0.01937
579.5	0.01948
579.85	0.01952
580.2	0.01954
580.55	0.0196
580.9	0.01964
581.25	0.01966
581.6	0.01971
581.95	0.01973
582.29	0.01979
582.64	0.01984
582.99	0.01988
583.34	0.01992
583.69	0.01998
584.04	0.02
584.39	0.02005
584.74	0.0201
585.09	0.02016
585.43	0.02016
585.78	0.02021
586.13	0.02027
586.48	0.02034
586.83	0.02039
587.18	0.02043
587.52	0.0205
587.87	0.02054
588.22	0.02062
588.57	0.02061
588.92	0.02071
589.27	0.02075
589.61	0.02081
589.96	0.02086
590.31	0.02093
590.66	0.02099
591.01	0.02101
591.35	0.02113
591.7	0.02113
592.05	0.02129
592.4	0.02123
592.74	0.02128
593.09	0.0214
593.44	0.02143
593.79	0.0215
594.13	0.02155
594.48	0.02168
594.83	0.02172
595.17	0.02168
595.52	0.02188
595.87	0.02183
596.22	0.02189
596.56	0.022
596.91	0.02204
597.26	0.02205
597.6	0.02217
597.95	0.0222
598.3	0.02231
598.64	0.02234
598.99	0.02243
599.34	0.02248
599.68	0.0226
600.03	0.0226
600.38	0.0227
600.72	0.02268
601.07	0.02281
601.42	0.02282
601.76	0.02293
602.11	0.02297
602.46	0.02303
602.8	0.02307
603.15	0.02322
603.49	0.0232
603.84	0.02332
604.18	0.02333
604.53	0.02336
604.88	0.0235
605.22	0.02353
605.57	0.02362
605.91	0.02364
606.26	0.02371
606.61	0.02371
606.95	0.02388
607.3	0.02384
607.64	0.02399
607.99	0.02408
608.33	0.02407
608.68	0.02417
609.02	0.02424
609.37	0.02435
609.71	0.02436
610.06	0.02442
610.4	0.02457
610.75	0.02454
611.09	0.02456
611.44	0.0247
611.78	0.02479
612.13	0.02474
612.47	0.0249
612.82	0.02488
613.16	0.025
613.51	0.02506
613.85	0.02515
614.2	0.0252
614.54	0.02529
614.88	0.0253
615.23	0.02534
615.57	0.02548
615.92	0.02548
616.26	0.02558
616.61	0.02556
616.95	0.02563
617.29	0.0258
617.64	0.0258
617.98	0.02583
618.33	0.02589
618.67	0.02602
619.01	0.02605
619.36	0.02605
619.7	0.02621
620.04	0.02621
620.39	0.02634
620.73	0.02637
621.08	0.02641
621.42	0.02654
621.76	0.02661
622.11	0.02661
622.45	0.02671
622.79	0.02673
623.13	0.02692
623.48	0.02689
623.82	0.02699
624.16	0.0271
624.51	0.02712
624.85	0.02719
625.19	0.0273
625.54	0.02732
625.88	0.02748
626.22	0.02744
626.57	0.02769
626.91	0.02757
627.25	0.02771
627.59	0.02783
627.93	0.02785
628.28	0.02795
628.62	0.02806
628.96	0.02807
629.3	0.02821
629.65	0.02824
629.99	0.02837
630.33	0.02843
630.67	0.02854
631.02	0.02861
631.36	0.02863
631.7	0.02881
632.04	0.02885
632.38	0.02892
632.73	0.02904
633.07	0.0291
633.41	0.0292
633.75	0.02926
634.09	0.02935
634.43	0.02943
634.77	0.0295
635.12	0.02959
635.46	0.02972
635.8	0.02978
636.14	0.02982
636.48	0.02998
636.82	0.03006
637.16	0.03005
637.51	0.03022
637.85	0.03028
638.19	0.03035
638.53	0.03044
638.87	0.03051
639.21	0.03063
639.55	0.03073
639.89	0.03077
640.23	0.0309
640.57	0.031
640.91	0.03105
641.26	0.03109
641.6	0.03129
641.94	0.03125
642.28	0.03139
642.62	0.03152
642.96	0.03163
643.3	0.03165
643.64	0.03183
643.98	0.03203
644.32	0.03198
644.66	0.03206
645	0.03209
645.34	0.03232
645.68	0.03239
646.02	0.03249
646.36	0.03263
646.7	0.03265
647.04	0.03286
647.38	0.03287
647.72	0.03313
648.06	0.03313
648.4	0.03321
648.74	0.0334
649.08	0.03351
649.41	0.03365
649.75	0.0338
650.09	0.03378
650.43	0.03405
650.77	0.03399
651.11	0.03427
651.45	0.03433
651.79	0.03442
652.13	0.03467
652.47	0.03473
652.81	0.03486
653.14	0.03494
653.48	0.03511
653.82	0.0352
654.16	0.03535
654.5	0.03546
654.84	0.03555
655.18	0.0357
655.51	0.03583
655.85	0.03596
656.19	0.03606
656.53	0.03613
656.87	0.03633
657.21	0.03648
657.54	0.03657
657.88	0.03677
658.22	0.03674
658.56	0.0369
658.9	0.03712
659.24	0.03718
659.57	0.0373
659.91	0.03751
660.25	0.03751
660.59	0.03767
660.92	0.03781
661.26	0.03787
661.6	0.03799
661.94	0.03818
662.27	0.03823
662.61	0.03843
662.95	0.03849
663.29	0.03866
663.63	0.0388
663.96	0.03892
664.3	0.03902
664.64	0.03908
664.97	0.03935
665.31	0.03933
665.65	0.03952
665.98	0.03966
666.32	0.03976
666.66	0.03998
667	0.03997
667.33	0.04016
667.67	0.04028
668.01	0.04047
668.34	0.04054
668.68	0.04074
669.01	0.04083
669.35	0.041
669.69	0.04112
670.02	0.04135
670.36	0.04147
670.7	0.04142
671.03	0.04168
671.37	0.042
671.71	0.04206
672.04	0.04223
672.38	0.04229
672.71	0.04255
673.05	0.04267
673.38	0.04283
673.72	0.04301
674.06	0.04311
674.39	0.04328
674.73	0.04335
675.06	0.04358
675.4	0.04365
675.74	0.04387
676.07	0.04402
676.41	0.04415
676.74	0.0444
677.08	0.04458
677.41	0.04475
677.75	0.04481
678.08	0.04495
678.42	0.04525
678.75	0.04534
679.09	0.04537
679.42	0.04555
679.76	0.04575
680.09	0.04581
680.43	0.04603
680.76	0.04611
681.1	0.04639
681.43	0.04653
681.77	0.04661
682.1	0.04671
682.43	0.04684
682.77	0.04706
683.1	0.04721
683.44	0.04724
683.77	0.04762
684.11	0.04767
684.44	0.04783
684.78	0.04807
685.11	0.04821
685.44	0.04821
685.78	0.04844
686.11	0.04853
686.45	0.04873
686.78	0.04887
687.11	0.04909
687.45	0.04917
687.78	0.04951
688.12	0.04981
688.45	0.04972
688.78	0.05003
689.12	0.05026
689.45	0.0503
689.78	0.05035
690.12	0.05082
690.45	0.05071
690.78	0.05086
691.12	0.05121
691.45	0.0512
691.78	0.05146
692.12	0.05158
692.45	0.05168
692.78	0.05198
693.11	0.05213
693.45	0.05228
693.78	0.05246
694.11	0.05269
694.45	0.05286
694.78	0.05297
695.11	0.05322
695.44	0.05336
695.78	0.05367
696.11	0.05377
696.44	0.05399
696.77	0.05421
697.11	0.05403
697.44	0.05447
697.77	0.05471
698.1	0.05483
698.43	0.05494
698.77	0.05531
699.1	0.0554
699.43	0.05556
699.76	0.05559
700.1	0.05608
700.43	0.05609
700.76	0.05649
701.09	0.0565
701.42	0.05677
701.75	0.05677
702.09	0.05711
702.42	0.05736
702.75	0.05718
703.08	0.05765
703.41	0.05794
703.74	0.05803
704.07	0.05837
704.4	0.05839
704.74	0.05864
705.07	0.05864
705.4	0.05926
705.73	0.05917
706.06	0.05961
706.39	0.05962
706.72	0.05984
707.05	0.06012
707.38	0.06019
707.71	0.06042
708.04	0.06083
708.38	0.06071
708.71	0.061
709.04	0.06166
709.37	0.06177
709.7	0.06197
710.03	0.06219
710.36	0.06241
710.69	0.06267
711.02	0.0629
711.35	0.06327
711.68	0.06346
712.01	0.06359
712.34	0.06378
712.67	0.06416
713	0.06442
713.33	0.06474
713.66	0.06497
713.99	0.06521
714.32	0.06549
714.65	0.06561
714.98	0.06608
715.31	0.06642
715.64	0.06662
715.97	0.06673
716.3	0.0672
716.63	0.06725
716.96	0.06752
717.28	0.06809
717.61	0.06824
717.94	0.06831
718.27	0.06879
718.6	0.06886
718.93	0.06926
719.26	0.06969
719.59	0.06978
719.92	0.07005
720.25	0.07055
720.58	0.07093
720.9	0.07098
721.23	0.07152
721.56	0.07148
721.89	0.07169
722.22	0.07216
722.55	0.07231
722.88	0.07271
723.2	0.07296
723.53	0.07295
723.86	0.0736
724.19	0.07373
724.52	0.07376
724.85	0.07436
725.17	0.07462
725.5	0.07487
725.83	0.07513
726.16	0.07539
726.49	0.07583
726.81	0.07635
727.14	0.07668
727.47	0.07679
727.8	0.07683
728.12	0.07747
728.45	0.07771
728.78	0.07798
729.11	0.07827
729.43	0.0788
729.76	0.07891
730.09	0.07953
730.42	0.07962
730.74	0.08005
731.07	0.08044
731.4	0.08039
731.73	0.08124
732.05	0.08134
732.38	0.08153
732.71	0.08188
733.03	0.08253
733.36	0.08249
733.69	0.08317
734.01	0.08354
734.34	0.08387
734.67	0.08403
734.99	0.0845
735.32	0.08484
735.65	0.08509
735.97	0.08554
736.3	0.08601
736.63	0.0863
736.95	0.08645
737.28	0.08682
737.6	0.08727
737.93	0.08774
738.26	0.088
738.58	0.08791
738.91	0.08882
739.23	0.08895
739.56	0.08946
739.89	0.08984
740.21	0.09034
740.54	0.09056
740.86	0.09121
741.19	0.09127
741.51	0.09184
741.84	0.09205
742.17	0.09273
742.49	0.09305
742.82	0.09362
743.14	0.09402
743.47	0.09465
743.79	0.09494
744.12	0.09555
744.44	0.09605
744.77	0.09662
745.09	0.0966
745.42	0.09756
745.74	0.09815
746.07	0.09869
746.39	0.09936
746.72	0.09971
747.04	0.10043
747.37	0.10123
747.69	0.10163
748.02	0.10206
748.34	0.10243
748.66	0.10312
748.99	0.10342
749.31	0.10412
749.64	0.10424
749.96	0.10478
750.29	0.10545
750.61	0.10564
750.93	0.10635
751.26	0.10649
751.58	0.107
751.91	0.10687
752.23	0.10776
752.55	0.10751
752.88	0.10791
753.2	0.10827
753.53	0.10804
753.85	0.10829
754.17	0.10879
754.5	0.10879
754.82	0.10909
755.14	0.10938
755.47	0.10925
755.79	0.10925
756.12	0.10895
756.44	0.10952
756.76	0.10907
757.09	0.10948
757.41	0.10941
757.73	0.10949
758.05	0.10929
758.38	0.10936
758.7	0.10952
759.02	0.1095
759.35	0.10966
759.67	0.10942
759.99	0.10982
760.31	0.10986
760.64	0.11006
760.96	0.11028
761.28	0.11012
761.6	0.11055
761.93	0.11067
762.25	0.11009
762.57	0.11078
762.89	0.1107
763.22	0.11097
763.54	0.11076
763.86	0.11162
764.18	0.11111
764.51	0.11165
764.83	0.11167
765.15	0.11199
765.47	0.11193
765.79	0.11238
766.11	0.11252
766.44	0.11293
766.76	0.11271
767.08	0.11324
767.4	0.11358
767.72	0.11414
768.04	0.11418
768.37	0.11425
768.69	0.11482
769.01	0.11496
769.33	0.11516
769.65	0.11603
769.97	0.11581
770.29	0.1166
770.61	0.11668
770.93	0.11718
771.26	0.11787
771.58	0.11776
771.9	0.11823
772.22	0.11835
772.54	0.11882
772.86	0.11954
773.18	0.11991
773.5	0.12067
773.82	0.12113
774.14	0.12129
774.46	0.12164
774.78	0.12232
775.1	0.12285
775.42	0.12342
775.75	0.12405
776.07	0.12452
776.38	0.12492
776.71	0.12534
777.02	0.12627
777.35	0.12724
777.66	0.12721
777.99	0.12771
778.3	0.12841
778.63	0.12895
778.95	0.12987
779.26	0.13031
779.58	0.13055
779.9	0.13135
780.22	0.1324
780.54	0.1323
780.86	0.13295
781.18	0.13409
781.5	0.13431
781.82	0.13511
782.14	0.13554
782.46	0.13623
782.78	0.13723
783.1	0.13764
783.42	0.13854
783.74	0.13914
784.05	0.13965
784.37	0.14076
784.69	0.14113
785.01	0.14128
785.33	0.1424
785.65	0.14298
785.97	0.14295
786.29	0.14386
786.61	0.14466
786.92	0.1452
787.24	0.14562
787.56	0.14656
787.88	0.14672
788.2	0.14874
788.51	0.14914
788.83	0.14989
789.15	0.15044
789.47	0.15156
789.79	0.15249
790.11	0.15302
790.42	0.15364
790.74	0.15416
791.06	0.15521
791.38	0.15615
791.7	0.15752
792.01	0.15776
792.33	0.15909
792.65	0.1597
792.97	0.1601
793.28	0.16158
793.6	0.16199
793.92	0.16315
794.24	0.16397
794.55	0.16464
794.87	0.16518
795.19	0.16537
795.51	0.16712
795.82	0.16726
796.14	0.16932
796.46	0.16916
796.77	0.17069
797.09	0.17198
797.41	0.17263
797.72	0.17325
798.04	0.17299
798.36	0.17459
798.67	0.17535
798.99	0.17709
799.31	0.17794
799.62	0.17864
799.94	0.17939
800.26	0.18126
800.57	0.1816
800.89	0.18287
801.21	0.18381
801.52	0.18418
801.84	0.1851
802.15	0.18702
802.47	0.18726
802.79	0.18823
803.1	0.18942
803.42	0.18982
803.73	0.19047
804.05	0.19187
804.37	0.19315
804.68	0.19436
805	0.19528
805.31	0.19608
805.63	0.19708
805.94	0.1987
806.26	0.19883
806.57	0.19943
806.89	0.20162
807.21	0.20135
807.52	0.20324
807.84	0.20431
808.15	0.20517
808.47	0.20539
808.78	0.20697
809.1	0.2085
809.41	0.20986
809.73	0.2108
810.04	0.21057
810.36	0.21118
810.67	0.21264
810.99	0.213
811.3	0.21423
811.61	0.21583
811.93	0.21789
812.24	0.21926
812.56	0.2194
812.87	0.22099
813.19	0.22156
813.5	0.22184
813.82	0.22374
814.13	0.22371
814.44	0.22559
814.76	0.2259
815.07	0.22798
815.38	0.22844
815.7	0.22866
816.01	0.22999
816.33	0.23205
816.64	0.23386
816.95	0.23525
817.27	0.23598
817.58	0.23783
817.89	0.23933
818.21	0.2396
818.52	0.24124
818.84	0.24211
819.15	0.24383
819.46	0.24563
819.78	0.24543
820.09	0.2466
820.4	0.24903
820.72	0.24969
821.03	0.25115
821.34	0.25296
821.65	0.25362
821.97	0.25516
822.28	0.25681
822.59	0.2581
822.91	0.25878
823.22	0.26072
823.53	0.26235
823.84	0.26278
824.16	0.26505
824.47	0.26561
824.78	0.26876
825.09	0.26887
825.41	0.27036
825.72	0.27396
826.03	0.2751
826.34	0.27512
826.65	0.278
826.97	0.27991
827.28	0.28127
827.59	0.28336
827.9	0.2837
828.22	0.28757
828.53	0.28631
828.84	0.28938
829.15	0.29158
829.46	0.29288
829.77	0.29392
830.09	0.29486
830.4	0.29751
830.71	0.29863
831.02	0.29818
831.33	0.3017
831.64	0.3025
831.96	0.30384
832.27	0.3045
832.58	0.30779
832.89	0.30801
833.2	0.30986
833.51	0.31212
833.82	0.31315
834.13	0.31426
834.44	0.31688
834.75	0.31735
835.07	0.31982
835.38	0.3221
835.69	0.32202
836	0.32473
836.31	0.32602
836.62	0.32562
836.93	0.32745
837.24	0.33177
837.55	0.3336
837.86	0.33463
838.17	0.33749
838.48	0.34002
838.79	0.34031
839.1	0.34206
839.41	0.34314
839.72	0.34628
840.03	0.34914
840.34	0.34991
840.65	0.35317
840.96	0.35363
841.27	0.35586
841.58	0.35792
841.89	0.36192
842.2	0.36169
842.51	0.36341
842.82	0.36598
843.13	0.36984
843.44	0.37077
843.75	0.37361
844.06	0.37469
844.37	0.37653
844.67	0.3805
844.99	0.38088
845.29	0.38262
845.6	0.38715
845.91	0.38931
846.22	0.38885
846.53	0.39364
846.84	0.3974
847.15	0.39745
847.46	0.40293
847.76	0.40504
848.07	0.4064
848.38	0.40751
848.69	0.41022
849	0.4121
849.31	0.4165
849.62	0.41834
849.92	0.42256
850.23	0.42713
850.54	0.42784
850.85	0.43168
851.16	0.43453
851.47	0.43591
851.77	0.4385
852.08	0.44256
852.39	0.44586
852.7	0.44957
853.01	0.45176
853.31	0.45438
853.62	0.45589
853.93	0.45691
854.24	0.46347
854.54	0.46498
854.85	0.4693
855.16	0.47123
855.47	0.47243
855.77	0.47793
856.08	0.48156
856.39	0.48127
856.7	0.48573
857	0.49004
857.31	0.49318
857.62	0.49766
857.92	0.50141
858.23	0.50496
858.54	0.508
858.85	0.5105
859.15	0.51748
859.46	0.52327
859.77	0.52612
860.07	0.53241
860.38	0.5381
860.69	0.54158
860.99	0.54629
861.3	0.54641
861.61	0.55282
861.91	0.55729
862.22	0.56445
862.52	0.56724
862.83	0.57196
863.14	0.57447
863.44	0.57983
863.75	0.58466
864.06	0.59022
864.36	0.59185
864.67	0.59485
864.97	0.60074
865.28	0.60185
865.59	0.60521
865.89	0.60682
866.2	0.61099
866.5	0.61098
866.81	0.6141
867.11	0.61939
867.42	0.6256
867.73	0.6257
868.03	0.63231
868.34	0.63335
868.64	0.63657
868.95	0.63813
869.25	0.63592
869.56	0.64066
869.86	0.64309
870.17	0.64061
870.47	0.64453
870.78	0.64445
871.08	0.64514
871.39	0.6464
871.69	0.6464
872	0.64848
872.3	0.65015
872.61	0.65189
872.91	0.65097
873.21	0.65293
873.52	0.65394
873.82	0.65217
874.13	0.65294
874.43	0.65286
874.74	0.6549
875.04	0.65795
875.34	0.65807
875.65	0.65933
875.95	0.66104
876.26	0.66458
876.56	0.65927
876.86	0.66939
877.17	0.66623
877.47	0.66928
877.78	0.66978
878.08	0.67476
878.38	0.67999
878.69	0.68302
878.99	0.68451
879.29	0.68223
879.6	0.69313
879.9	0.69105
880.2	0.69649
880.51	0.6969
880.81	0.69567
881.11	0.6952
881.42	0.6971
881.72	0.70034
882.02	0.70203
882.33	0.70163
882.63	0.70776
882.93	0.71498
883.24	0.71499
883.54	0.71759
883.84	0.72527
884.14	0.71792
884.45	0.71867
884.75	0.72365
885.05	0.72606
885.35	0.72816
885.66	0.73221
885.96	0.73693
886.26	0.73957
886.56	0.74091
886.87	0.74097
887.17	0.74579
887.47	0.74543
887.77	0.74784
888.07	0.74913
888.38	0.75204
888.68	0.75281
888.98	0.75788
889.28	0.76407
889.58	0.75967
889.88	0.76749
890.19	0.77037
890.49	0.77047
890.79	0.77806
891.09	0.78482
891.39	0.78974
891.69	0.79407
892	0.80087
892.3	0.80578
892.6	0.80438
892.9	0.81166
893.2	0.81745
893.5	0.82417
893.8	0.82978
894.1	0.84063
894.4	0.84459
894.71	0.86029
895.01	0.86631
895.31	0.86963
895.61	0.87348
895.91	0.87355
896.21	0.88641
896.51	0.89496
896.81	0.90058
897.11	0.91514
897.41	0.92263
897.71	0.93474
898.01	0.93892
898.31	0.94055
898.61	0.93839
898.91	0.94634
899.21	0.94849
899.51	0.95025
899.81	0.96351
900.11	0.96472
900.41	0.96939
900.71	0.96987
901.01	0.97164
901.31	0.9773
901.61	0.98714
901.91	0.98629
902.21	0.99196
902.51	1
902.81	0
903.11	0
903.41	0
903.71	0
904.01	0
904.31	0
904.61	0
904.91	0
905.21	0
905.51	0
905.8	0
906.1	0
906.4	0
906.7	0
907	0
907.3	0
907.6	0
907.9	0
908.2	0
908.49	0
908.79	0
909.09	0
909.39	0
909.69	0
909.99	0
910.28	0
910.58	0
910.88	0
911.18	0
911.48	0
911.77	0
912.07	0
912.37	0
912.67	0
912.97	0
913.26	0
913.56	0
913.86	0
914.16	0
914.45	0
914.75	0
915.05	0
915.35	0
915.64	0
915.94	0
916.24	0
916.54	0
916.83	0
917.13	0
917.43	0
917.72	0
918.02	0
918.32	0
918.62	0
918.91	0
919.21	0
919.51	0
919.8	0
920.1	0
920.39	0
920.69	0
920.99	0
921.28	0
921.58	0
921.88	0
922.17	0
922.47	0
922.76	0
923.06	0
923.36	0
923.65	0
923.95	0
924.25	0
924.54	0
924.84	0
925.13	0
925.43	0
925.72	0
926.02	0
926.32	0
926.61	0
926.91	0
927.2	0
927.5	0
927.79	0
928.09	0
928.38	0
928.68	0
928.97	0
929.27	0
929.56	0
929.86	0
930.15	0
930.45	0
930.74	0
931.04	0
931.33	0
931.63	0
931.92	0
932.21	0
932.51	0
932.8	0
933.1	0
933.39	0
933.69	0
933.98	0
934.27	0
934.57	0
934.86	0
935.16	0
935.45	0
935.74	0
936.04	0
936.33	0
936.63	0
936.92	0
937.21	0
937.51	0
937.8	0
938.09	0
938.39	0
938.68	0
938.97	0
939.27	0
939.56	0
939.85	0
940.15	0
940.44	0
940.73	0
941.02	0
941.32	0
941.61	0
941.9	0
942.2	0
942.49	0
942.78	0
943.08	0
943.37	0
943.66	0
943.95	0
944.25	0
944.54	0
944.83	0
945.12	0
945.41	0
945.71	0
946	0
946.29	0
946.58	0
946.87	0
947.17	0
947.46	0
947.75	0
948.04	0
948.33	0
948.62	0
948.92	0
949.21	0
949.5	0
949.79	0
950.08	0
950.37	0
950.66	0
950.96	0
951.25	0
951.54	0
951.83	0
952.12	0
952.41	0
952.7	0
952.99	0
953.28	0
953.57	0
953.87	0
954.16	0
954.45	0
954.74	0
955.03	0
955.32	0
955.61	0
955.9	0
956.19	0
956.48	0
956.77	0
957.06	0
957.35	0
957.64	0
957.93	0
958.22	0
958.51	0
958.8	0
959.09	0
959.38	0
959.67	0
959.96	0
960.25	0
960.54	0
960.83	0
961.12	0
961.4	0
961.7	0
961.98	0
962.27	0
962.56	0
962.85	0
963.14	0
963.43	0
963.72	0
964.01	0
964.3	0
964.59	0
964.87	0
965.16	0
965.45	0
965.74	0
966.03	0
966.32	0
966.61	0
966.89	0
967.18	0
967.47	0
967.76	0
968.05	0
968.34	0
968.62	0
968.91	0
969.2	0
969.49	0
969.77	0
970.06	0
970.35	0
970.64	0
970.93	0
971.21	0
971.5	0
971.79	0
972.08	0
972.36	0
972.65	0
972.94	0
973.23	0
973.51	0
973.8	0
974.09	0
974.37	0
974.66	0
974.95	0
975.24	0
975.52	0
975.81	0
976.1	0
976.38	0
976.67	0
976.96	0
977.24	0
977.53	0
977.82	0
978.1	0
978.39	0
978.67	0
978.96	0
979.25	0
979.53	0
979.82	0
980.1	0
980.39	0
980.68	0
980.96	0
981.25	0
981.53	0
981.82	0
982.11	0
982.39	0
982.68	0
982.96	0
983.25	0
983.53	0
983.82	0
984.1	0
984.39	0
984.67	0
984.96	0
985.24	0
985.53	0
985.81	0
986.1	0
986.38	0
986.67	0
986.95	0
987.24	0
987.52	0
987.81	0
988.09	0
988.38	0
988.66	0
988.95	0
989.23	0
989.51	0
989.8	0
990.08	0
990.37	0
990.65	0